2.4	1	-1.79	0.94	0	0	24
2.4	2	-1.79	0.9425	0.0625	0.009375	26.5
2.4	3	-1.72667	0.915	1.37654	0.502778	30
2.4	4	-1.7225	0.905	0.834635	0.375	38.25
2.4	5	-1.572	0.835	2.72056	1.955	47
2.4	6	-1.63833	0.886667	0.484761	0.102315	43
2.4	7	-1.61714	0.857143	0.156179	0.195068	50.1429
2.4	8	-1.66125	0.885625	0.96951	0.353581	49.125
2.4	9	-1.61222	0.861111	0.603052	0.423868	52.6667
2.4	10	-1.564	0.8535	0.879444	0.285875	55.6
2.4	11	-1.47636	0.816818	1.16575	0.578994	66.2727
2.4	12	-1.51083	0.82875	1.55377	0.660503	62.75
2.4	13	-1.50846	0.81	1.26052	0.867949	63.3846
2.4	14	-1.40429	0.732143	1.3896	1.21769	80.5
2.4	15	-1.374	0.706	2.75352	3.044	84.1333
2.4	16	-1.50562	0.789375	1.24216	1.15098	66.8125
2.4	17	-1.54765	0.832059	1.0421	0.669637	60.0588
2.4	18	-1.52278	0.828333	1.44352	0.557407	59.0556
2.4	19	-1.44474	0.748421	2.35773	2.63511	77.7895
2.4	20	-1.451	0.7595	0.852708	1.68496	71.25
2.4	21	-1.46476	0.788095	2.2147	1.2732	71.8571
2.4	22	-1.42136	0.742273	2.1637	1.66012	78.6364
2.4	23	-1.51304	0.782391	2.15666	2.36191	65.8696
2.4	24	-1.44083	0.751667	1.10875	1.02731	77.7083
2.4	25	-1.4316	0.7592	1.34704	0.887227	79.28
2.4	26	-1.42885	0.749231	1.93981	1.80343	78.5769
2.4	27	-1.44407	0.776111	2.74756	2.47819	75.8519
2.4	28	-1.43286	0.752143	1.18296	1.0659	79.2857
2.4	29	-1.37172	0.709655	2.34773	2.21837	85.5862
2.4	30	-1.37467	0.7155	2.01886	2.13371	87.4667
2.4	31	-1.40355	0.755	1.58492	0.921774	81.1935
2.4	32	-1.49625	0.816875	1.55154	0.911654	68.25
2.4	33	-1.36364	0.729697	1.77349	1.72928	85.6061
2.4	34	-1.33059	0.637794	1.56329	2.44049	92.3235
2.4	35	-1.36486	0.711429	1.42872	1.82704	86.9429
2.4	36	-1.57806	0.848472	0.542369	0.299958	57.1667
2.4	37	-1.42514	0.721486	2.34333	3.46866	79.5135
2.4	38	-1.34711	0.711711	1.73352	1.97221	91.6053
2.4	39	-1.40256	0.693846	2.03551	3.63813	85.7179
2.4	40	-1.4775	0.773875	1.42457	1.67343	73.1
2.4	41	-1.41171	0.743171	1.05078	0.965194	80.4634
2.4	42	-1.37905	0.682857	1.19504	1.37443	83.8333
2.4	43	-1.4693	0.771977	1.38837	1.13937	75.186
2.4	44	-1.47545	0.782841	1.45122	1.12223	71.9773
2.4	45	-1.31489	0.478333	2.48106	17.1493	96.2889
2.4	46	-1.38674	0.694674	1.7627	2.41112	84.587
2.4	47	-1.45979	0.765532	2.03974	2.01529	73.5319
2.4	48	-1.40021	0.743854	1.31611	1.27973	82.0417
2.4	49	-1.32898	0.61	1.42836	2.47109	94.2245
2.4	50	-1.485	0.7931	0.890069	0.824482	69.48
2.4	51	-1.39627	0.669706	1.427	3.05448	84.4902
2.4	52	-1.39981	0.696635	1.01509	3.0623	84.6923
2.4	53	-1.36925	0.708585	2.06993	2.19849	85.8491
2.4	54	-1.32537	0.692963	0.985008	1.47199	93.9444
2.4	55	-1.33782	0.686091	2.05876	2.11783	91.6
2.4	56	-1.34714	0.658839	1.46769	2.17321	92.75
2.4	57	-1.46088	0.777895	1.88798	1.47528	75.4211
2.4	58	-1.23983	0.428276	2.51161	12.138	106.552
2.4	59	-1.36085	0.698305	1.69592	2.39288	87.0339
2.4	60	-1.4305	0.732583	1.37996	2.5559	78.5167
2.4	61	-1.41393	0.733279	1.58271	1.81815	80.5902
2.4	62	-1.41742	0.734435	1.46773	0.954046	81.7742
2.4	63	-1.34365	0.578492	1.93261	4.69863	90.4603
2.4	64	-1.29344	0.549687	2.27197	5.81652	98.625
2.4	65	-1.274	0.587923	1.92496	2.19486	100.969
2.4	66	-1.33106	0.681288	1.71004	1.77554	92.2576
2.4	67	-1.44448	0.774552	0.796493	0.599967	76.1642
2.4	68	-1.3475	0.622721	2.03031	5.9976	89.9853
2.4	69	-1.38855	0.712246	1.14458	1.54801	85.3043
2.4	70	-1.29486	0.542214	1.619	8.11877	99.6286
2.4	71	-1.32662	0.677113	1.62342	2.14644	91.5211
2.4	72	-1.32639	0.682292	0.934665	1.16782	95.7917
2.4	73	-1.35411	0.623356	2.60385	7.15149	90.9726
2.4	74	-1.38351	0.681622	1.52748	2.59517	86.0946
2.4	75	-1.1824	0.4202	1.78201	5.76727	112.213
2.4	76	-1.27487	0.512829	2.25027	7.13896	103.368
2.4	77	-1.32299	0.616883	1.72656	4.95639	92.7143
2.4	78	-1.295	0.596346	1.28753	3.72026	97.8333
2.4	79	-1.27165	0.583165	2.98408	6.25044	103.114
2.4	80	-1.29575	0.475625	2.40378	10.1567	97.2
2.4	81	-1.33827	0.706543	1.1632	1.34307	91.4568
2.4	82	-1.29622	0.661341	1.7872	2.19868	96.5732
2.4	83	-1.34241	0.673373	1.15555	1.85011	92.6988
2.4	84	-1.36071	0.69756	0.969872	1.43963	87.3214
2.4	85	-1.40141	0.743765	1.42012	1.26391	81.9647
2.4	86	-1.17151	0.458605	2.51365	6.96499	115.744
2.4	87	-1.37954	0.696609	1.66186	1.96873	86.0345
2.4	88	-1.36625	0.677159	1.55813	2.70074	88.3182
2.4	89	-1.35933	0.706966	1.47438	1.23348	89.8202
2.4	90	-1.23056	0.502944	2.12722	7.06369	108.833
2.4	91	-1.32802	0.564176	2.09146	13.2026	92.5714
2.4	92	-1.30163	0.607174	1.23585	2.94097	97.6087
2.4	93	-1.4443	0.770484	0.996027	1.02832	75.7742
2.4	94	-1.38713	0.712979	1.07308	1.54134	86.0532
2.4	95	-1.35116	0.687632	1.39238	1.83683	90.9263
2.4	96	-1.36635	0.664844	1.46949	1.74353	89.9688
2.4	97	-1.35485	0.619124	1.9761	7.63789	89.5567
2.4	98	-1.39745	0.712449	1.61583	1.8888	84.051
2.4	99	-1.32535	0.670202	1.41222	1.99048	94.8283
2.4	100	-1.3614	0.6923	1.26917	1.79978	88.41
2.4	101	-1.29842	0.5	1.63445	11.7499	97.7327
2.4	102	-1.2551	0.429461	3.03087	13.4591	105.265
2.4	103	-1.42796	0.746553	1.6384	2.0712	81.165
2.4	104	-1.33115	0.630385	1.51887	2.35983	93.2596
2.4	105	-1.35714	0.667619	1.46332	3.18128	88.019
2.4	106	-1.27764	0.546792	1.52274	4.51566	103.009
2.4	107	-1.29785	0.563271	1.43316	6.12361	97.0654
2.4	108	-1.31843	0.623241	1.49783	2.90581	95.5556
2.4	109	-1.33376	0.666101	0.927598	1.13963	93.6422
2.4	110	-1.27191	0.574136	1.10221	2.24249	102.909
2.4	111	-1.2791	0.492297	1.09128	4.02573	101.766
2.4	112	-1.3633	0.665714	1.26654	2.33451	87.4554
2.4	113	-1.24301	0.569159	1.26498	3.02603	106.035
2.4	114	-1.34974	0.647325	2.05305	4.61851	89
2.4	115	-1.35974	0.67587	1.21781	1.73603	90.3217
2.4	116	-1.25621	0.434914	2.31653	10.9603	104.629
2.4	117	-1.31957	0.621282	1.48177	3.04239	94.0342
2.4	118	-1.45949	0.774576	0.726324	0.803995	76.1525
2.4	119	-1.39429	0.717773	1.5394	2.16707	85.1092
2.4	120	-1.21525	0.425375	1.88148	8.8205	109.725
2.4	121	-1.37661	0.687231	1.14733	1.23181	86.843
2.4	122	-1.3509	0.697336	1.80829	2.44769	91.2295
2.4	123	-1.3587	0.663089	1.06199	1.34712	88.8943
2.4	124	-1.38508	0.709556	1.79038	2.15094	85.5323
2.4	125	-1.27552	0.60076	1.67294	3.57307	101.88
2.4	126	-1.43889	0.764524	1.38483	1.38568	77.2143
2.4	127	-1.35441	0.665118	2.31175	4.65685	92.5748
2.4	128	-1.31156	0.643242	1.17702	2.27575	95.1094
2.4	129	-1.34349	0.684419	1.3909	1.76038	90.3411
2.4	130	-1.37108	0.717769	0.819257	0.735773	86.8
2.4	131	-1.43008	0.760611	1.46231	1.14568	77.4962
2.4	132	-1.37848	0.700644	1.12326	1.97862	86.7045
2.4	133	-1.31376	0.625677	1.25299	2.64215	97.2331
2.4	134	-1.3159	0.620746	1.74463	4.07267	93.7388
2.4	135	-1.27741	0.467556	2.31882	9.56197	101.978
2.4	136	-1.30081	0.641434	1.50399	3.13229	96.9779
2.4	137	-1.43759	0.758321	0.861469	0.709993	78.9927
2.4	138	-1.32739	0.632536	1.32078	2.91475	93.913
2.4	139	-1.23511	0.405791	1.58347	9.35073	107.295
2.4	140	-1.24329	0.527	1.24389	3.72201	106.214
2.4	141	-1.22262	0.473475	1.44786	4.93871	109.326
2.4	142	-1.24148	0.425951	1.36844	6.49471	105.972
2.4	143	-1.24622	0.464266	1.52106	6.82197	105.224
2.4	144	-1.33986	0.61566	1.31915	6.03971	91.7292
2.4	145	-1.19724	0.399069	1.46097	6.25793	114.503
2.4	146	-1.32329	0.602911	1.53702	5.56602	95.1027
2.4	147	-1.32741	0.610374	1.67593	5.50035	95.1905
2.4	148	-1.32899	0.595101	2.1475	10.0147	94.9257
2.4	149	-1.37832	0.685805	1.36618	2.26533	86.7248
2.4	150	-1.19827	0.302033	1.07701	8.72473	114.347
2.4	151	-1.24636	0.509934	1.34929	5.18212	105.848
2.4	152	-1.30243	0.566184	2.053	7.24275	97.4013
2.4	153	-1.18418	0.362092	1.31315	8.56724	116.281
2.4	154	-1.33747	0.674156	1.44404	2.62207	92.7338
2.4	155	-1.35877	0.679806	0.994295	1.39559	89.4774
2.4	156	-1.42436	0.731923	1.307	1.87561	81.4423
2.4	157	-1.26739	0.549268	1.70171	4.78985	101.879
2.4	158	-1.31209	0.654937	1.48409	2.05174	95.2911
2.4	159	-1.33484	0.653145	1.57493	2.94301	93.4214
2.4	160	-1.34981	0.669656	1.53329	2.07943	90.4188
2.4	161	-1.24683	0.459689	1.695	8.24993	106.186
2.4	162	-1.25636	0.442377	1.81942	10.9594	104.698
2.4	163	-1.28313	0.479969	2.42097	12.4359	101.35
2.4	164	-1.2303	0.467195	1.57024	11.1418	108.396
2.4	165	-1.36448	0.670242	0.999445	2.53085	89.8848
2.4	166	-1.19157	0.346898	1.06643	5.4054	113.199
2.4	167	-1.21293	0.352455	1.29652	11.0637	109.892
2.4	168	-1.31679	0.617738	1.31906	3.26254	96.2024
2.4	169	-1.23509	0.473018	2.04094	9.91678	108.527
2.4	170	-1.25588	0.455147	2.26671	14.8528	105.459
2.4	171	-1.34608	0.67962	1.514	2.08826	91.7953
2.4	172	-1.40802	0.726337	1.8589	2.23216	82.7616
2.4	173	-1.22439	0.476214	1.77572	5.18164	108.197
2.4	174	-1.18328	0.246466	1.73046	10.9214	114.672
2.4	175	-1.23846	0.432657	1.70011	11.6291	106.954
2.4	176	-1.38159	0.707955	1.29275	1.76791	86.358
2.4	177	-1.21362	0.420819	1.66803	9.57971	110.847
2.4	178	-1.32062	0.635506	1.56891	3.36199	94.8652
2.4	179	-1.25899	0.541034	1.29524	4.36577	103.81
2.4	180	-1.368	0.68675	1.3812	2.60095	87.1944
2.4	181	-1.31486	0.652707	1.48401	2.25417	94.7182
2.4	182	-1.23962	0.437582	1.67196	8.45484	107.582
2.4	183	-1.24027	0.430164	1.8556	11.8074	107.639
2.4	184	-1.23571	0.535543	1.9423	8.33913	107.413
2.4	185	-1.30649	0.569622	1.31112	5.0043	97.4378
2.4	186	-1.28903	0.613683	1.84081	4.50085	99.2204
2.4	187	-1.42529	0.756684	0.830161	0.792642	79.4973
2.4	188	-1.36319	0.671516	1.35708	2.82038	88.7234
2.4	189	-1.34138	0.664683	1.69299	4.5327	91.5238
2.4	190	-1.36216	0.677474	1.09087	2.7699	88.7053
2.4	191	-1.22942	0.372277	1.10458	9.67699	107.89
2.4	192	-1.22635	0.401875	1.77953	11.8854	109.344
2.4	193	-1.28005	0.502021	1.96038	11.473	101.824
2.4	194	-1.32902	0.658402	1.54285	2.41306	94.2474
2.4	195	-1.338	0.652077	1.09278	2.58469	91.9846
2.4	196	-1.19444	0.343367	1.4035	8.09335	114.383
2.4	197	-1.24528	0.500914	1.27055	3.67448	105.437
2.4	198	-1.3046	0.600101	1.69687	4.62399	97.4798
2.4	199	-1.35322	0.65794	1.35097	2.85708	90.1608
2.4	200	-1.23415	0.511075	1.21488	2.79733	108.995
2.4	201	-1.21617	0.356816	1.78909	9.44309	111.756
2.4	202	-1.20767	0.362129	1.77613	10.1636	112.48
2.4	203	-1.20621	0.363374	2.01929	10.1044	112.719
2.4	204	-1.36377	0.687843	1.35124	2.16177	88.1863
2.4	205	-1.34956	0.667878	1.528	2.44781	90.5171
2.4	206	-1.21845	0.470437	1.8571	9.92133	109.917
2.4	207	-1.33749	0.636304	1.11443	2.60757	93.3527
2.4	208	-1.3251	0.549832	1.34595	8.67986	94.4471
2.4	209	-1.27579	0.475287	1.65374	13.1771	101.541
2.4	210	-1.26876	0.508952	1.40598	5.72946	104.186
2.4	211	-1.26725	0.496659	1.88066	8.73402	103.507
2.4	212	-1.26726	0.543278	1.44189	3.62138	101.854
2.4	213	-1.26765	0.571831	1.84045	4.05054	102.315
2.4	214	-1.38846	0.711402	0.713263	1.01638	84.7056
2.4	215	-1.33316	0.648558	0.900985	1.93632	95.0326
2.4	216	-1.25282	0.543495	1.57272	3.9797	104.843
2.4	217	-1.35659	0.663571	2.00534	4.20584	89.9724
2.4	218	-1.24284	0.377638	1.38431	9.02913	107.986
2.4	219	-1.25151	0.487671	0.955163	8.79795	105.982
2.4	220	-1.34536	0.668432	1.29453	1.99408	91.8818
2.4	221	-1.27738	0.47086	1.5256	12.0672	102.19
2.4	222	-1.18293	0.247905	1.50519	10.2326	115.095
2.4	223	-1.23825	0.406525	1.27766	8.96665	107.65
2.4	224	-1.37027	0.696964	0.869849	1.2434	87.7589
2.4	225	-1.16044	0.314444	2.11573	9.94945	120.062
2.4	226	-1.355	0.70115	1.08747	1.6288	89.1327
2.4	227	-1.26137	0.569053	1.07669	1.93159	102.313
2.4	228	-1.24921	0.478575	1.77901	9.93108	106.557
2.4	229	-1.36157	0.709432	1.49855	1.81043	88.7555
2.4	230	-1.33983	0.582261	1.28418	7.44621	92.1348
2.4	231	-1.16186	0.302424	1.95668	8.45497	119.264
2.4	232	-1.26522	0.557263	1.44438	4.61371	102.655
2.4	233	-1.35403	0.674506	1.36541	2.48506	89.6781
2.4	234	-1.21432	0.356026	0.920507	6.82956	110.248
2.4	235	-1.27609	0.538362	1.78109	8.49758	101.026
2.4	236	-1.19975	0.37625	1.35722	9.65272	113.576
2.4	237	-1.26241	0.523565	1.5427	6.55247	103.489
2.4	238	-1.31315	0.601555	1.04457	4.0975	95.9916
2.4	239	-1.33013	0.606276	1.47516	7.05431	93.7448
2.4	240	-1.27579	0.569479	1.22386	4.74549	102.208
2.4	241	-1.28444	0.548008	2.12205	10.532	100.888
2.4	242	-1.3112	0.565455	1.88032	9.10317	97.0992
2.4	243	-1.34786	0.638292	1.52917	5.12988	90.4444
2.4	244	-1.31844	0.598156	1.38115	5.61965	95.5451
2.4	245	-1.26012	0.579388	1.07962	2.2246	104.486
2.4	246	-1.23301	0.480407	1.1338	4.01705	108.533
2.4	247	-1.23623	0.430243	1.55061	11.0221	107.628
2.4	248	-1.31948	0.64619	1.5172	4.02814	94.7016
2.4	249	-1.31072	0.601787	1.2045	3.77348	97.0683
2.4	250	-1.31508	0.63788	0.953236	2.33938	95.6
2.4	251	-1.25558	0.496175	1.22194	8.79242	104.677
2.4	252	-1.29901	0.627282	1.23282	2.42703	97.5595
2.4	253	-1.37024	0.697036	1.24989	1.79323	87
2.4	254	-1.18406	0.323327	1.5242	9.8445	115.201
2.4	255	-1.21431	0.40302	1.73482	9.29642	109.98
2.4	256	-1.26133	0.493262	1.22693	7.70261	102.98
2.4	257	-1.29665	0.595311	1.26365	2.78468	99.3969
2.4	258	-1.27915	0.553236	1.95651	9.03671	100.752
2.4	259	-1.31517	0.594035	1.121	5.14579	96.1042
2.4	260	-1.36731	0.684981	1.56184	2.47364	88.4231
2.4	261	-1.35126	0.673774	1.17962	2.68426	90.7548
2.4	262	-1.27718	0.480534	1.33389	8.46169	102.111
2.4	263	-1.32951	0.615494	1.09919	5.12151	92.6844
2.4	264	-1.34754	0.67714	1.32263	2.86863	90.572
2.4	265	-1.28989	0.573925	1.30736	3.87592	99.5245
2.4	266	-1.27609	0.456259	1.76027	13.357	101.117
2.4	267	-1.24801	0.496629	1.56722	5.45347	105.914
2.4	268	-1.3806	0.714272	1.20867	1.6535	86.4142
2.4	269	-1.34665	0.660762	1.34397	2.6081	90.9331
2.4	270	-1.33352	0.648481	1.07941	2.60585	93.1963
2.4	271	-1.19815	0.332601	0.981313	6.24467	114.358
2.4	272	-1.27191	0.574136	1.05831	3.73114	101.129
2.4	273	-1.27513	0.559469	1.31121	3.4579	102.216
2.4	274	-1.37927	0.72031	1.03636	1.39389	85.2774
2.4	275	-1.26902	0.456855	2.16056	12.4842	103.207
2.4	276	-1.28576	0.544185	1.68668	6.7663	100.348
2.4	277	-1.26477	0.452581	1.52284	10.957	103.632
2.4	278	-1.21906	0.437554	2.07168	11.1679	109.482
2.4	279	-1.2757	0.487778	1.92842	11.4616	101.95
2.4	280	-1.26061	0.52275	2.28497	9.47767	103.768
2.4	281	-1.3232	0.647669	1.47878	2.74365	94.847
2.4	282	-1.3228	0.63273	1.2483	2.56442	94.3582
2.4	283	-1.22968	0.490848	1.1366	3.36051	108.576
2.4	284	-1.26507	0.522658	1.32695	3.84402	103.394
2.4	285	-1.158	0.221579	1.38254	6.50874	119.039
2.4	286	-1.36909	0.684056	1.28403	2.22797	88.6573
2.4	287	-1.28683	0.568484	0.883327	2.97298	100.484
2.4	288	-1.32684	0.65809	0.973916	1.68533	94.691
2.4	289	-1.28657	0.530484	1.54506	8.10899	99.4048
2.4	290	-1.27993	0.530224	1.36485	7.63604	101.438
2.4	291	-1.22756	0.414158	1.33605	10.7679	108.045
2.4	292	-1.20812	0.310377	1.81404	9.52852	112.182
2.4	293	-1.31717	0.591143	1.66026	5.3244	96.0614
2.4	294	-1.24177	0.462772	2.53276	12.5409	108.497
2.4	295	-1.26736	0.45861	2.41736	12.8853	103.817
2.4	296	-1.34818	0.690811	0.846475	0.854508	90.8784
2.4	297	-1.32465	0.633788	1.42055	4.60809	94.4444
2.4	298	-1.29336	0.600319	1.32836	3.83652	98.8591
2.4	299	-1.23057	0.383043	1.13448	9.27053	109.043
2.4	300	-1.25363	0.499017	1.89878	10.6686	104.187
2.4	301	-1.37505	0.706894	1.30678	2.17324	87.1096
2.4	302	-1.3952	0.727434	1.05894	1.44238	84.4503
2.4	303	-1.28059	0.532327	1.52693	10.6279	101.092
2.4	304	-1.32109	0.578076	1.32313	7.37848	95.8289
2.4	305	-1.32728	0.654131	1.76422	3.37757	93.7016
2.4	306	-1.18471	0.313072	2.00995	10.3722	115.657
2.4	307	-1.27322	0.560244	1.13769	2.88613	102.58
2.4	308	-1.24766	0.541347	1.52731	4.563	106.708
2.4	309	-1.25654	0.494061	1.54908	9.17874	104.557
2.4	310	-1.24816	0.460065	2.00942	11.7344	105.632
2.4	311	-1.22614	0.429727	1.9385	12.6304	109.82
2.4	312	-1.33651	0.629327	1.36696	4.28913	92.6154
2.4	313	-1.23259	0.487348	1.46393	7.99702	107.649
2.4	314	-1.23815	0.428997	1.42559	7.63398	107.72
2.4	315	-1.26387	0.489111	1.61055	11.1654	104.019
2.4	316	-1.23753	0.419256	1.37308	8.49989	108.07
2.4	317	-1.27265	0.527461	1.58951	9.69208	102.552
2.4	318	-1.23717	0.392107	1.36112	9.46451	106.673
2.4	319	-1.17069	0.253903	1.1524	8.08415	117.276
2.4	320	-1.1845	0.405078	1.06522	4.2717	115.459
2.4	321	-1.2481	0.431822	1.61313	12.9054	105.832
2.4	322	-1.2814	0.49337	1.85026	9.90216	102.081
2.4	323	-1.2022	0.371765	1.7502	10.1543	112.108
2.4	324	-1.2787	0.519059	1.71769	6.7815	100.67
2.4	325	-1.23828	0.437415	1.39646	8.42322	106.64
2.4	326	-1.22138	0.401887	1.44484	9.95042	110.224
2.4	327	-1.28477	0.577309	1.4274	3.56842	99.8838
2.4	328	-1.29308	0.561357	2.12563	8.32255	99.9421
2.4	329	-1.34812	0.657979	1.15667	2.59401	89.8936
2.4	330	-1.2407	0.517833	1.32191	5.72474	106.842
2.4	331	-1.37033	0.684063	1.66538	3.28291	88.2356
2.4	332	-1.24771	0.496687	1.14062	5.36072	104.925
2.4	333	-1.24426	0.430991	1.55855	8.91906	105.949
2.4	334	-1.32105	0.651931	0.993374	1.83794	95.0569
2.4	335	-1.30591	0.612537	1.3705	4.09659	98.2657
2.4	336	-1.29077	0.578408	0.963293	3.92067	99.1994
2.4	337	-1.18068	0.272033	1.3123	6.50148	116.923
2.4	338	-1.2103	0.424734	1.52313	7.09577	110.331
2.4	339	-1.16448	0.244159	1.34939	8.97367	117.094
2.4	340	-1.29218	0.556471	1.79779	7.70457	99.1206
2.4	341	-1.28874	0.567111	1.53905	7.11421	99.6246
2.4	342	-1.18494	0.373056	1.78621	8.55538	114.886
2.4	343	-1.20703	0.360685	1.40739	8.70785	112.443
2.4	344	-1.36471	0.671439	0.999833	3.34291	89.6076
2.4	345	-1.21554	0.434609	1.73686	9.94467	110.649
2.4	346	-1.32569	0.608512	1.27346	5.27854	94.8728
2.4	347	-1.29357	0.57938	1.36098	4.56786	98.5821
2.4	348	-1.24276	0.499526	1.54812	4.56506	107.882
2.4	349	-1.19266	0.363052	1.32108	7.06551	114.731
2.4	350	-1.20766	0.370743	1.12168	7.15334	111.914
2.4	351	-1.24721	0.458091	0.978685	5.54813	106.402
2.4	352	-1.33321	0.633707	2.13223	7.16214	93.071
2.4	353	-1.23473	0.437705	1.13275	7.23555	108.164
2.4	354	-1.28172	0.546921	1.58554	6.66219	101.305
2.4	355	-1.2547	0.478014	1.52657	8.03818	105.386
2.4	356	-1.25287	0.487879	1.36815	8.24069	105.112
2.4	357	-1.17577	0.305308	1.49321	8.51058	117.148
2.4	358	-1.25291	0.443031	1.97819	12.5421	106.17
2.4	359	-1.24713	0.497201	1.38222	4.13174	106.276
2.4	360	-1.28461	0.582403	1.42777	5.15937	100.55
2.4	361	-1.21651	0.402147	1.84849	8.47791	111.468
2.4	362	-1.23536	0.493619	1.49248	6.86775	107.876
2.4	363	-1.2803	0.554201	1.43933	8.75442	99.8512
2.4	364	-1.30942	0.63092	1.49202	3.82755	96.9203
2.4	365	-1.16827	0.284616	1.11047	7.3579	116.216
2.4	366	-1.31402	0.625451	1.64845	5.10257	96.4617
2.4	367	-1.21335	0.426948	1.64623	8.82917	110.526
2.4	368	-1.23226	0.486698	1.32141	5.67383	108.06
2.4	369	-1.28442	0.55355	1.25555	6.7839	100.52
2.4	370	-1.27478	0.478716	1.61956	10.0772	101.295
2.4	371	-1.23159	0.370768	1.44747	11.0648	107.935
2.4	372	-1.31473	0.625981	1.2197	2.88751	95.6962
2.4	373	-1.28477	0.524692	1.6754	7.09727	101.314
2.4	374	-1.30321	0.579719	1.54017	8.22997	98.6176
2.4	375	-1.23739	0.49468	1.42571	8.04958	106.88
2.4	376	-1.24117	0.485731	1.3974	7.64172	106.848
2.4	377	-1.24297	0.469058	2.10674	11.1911	106.294
2.4	378	-1.3096	0.613386	1.56093	2.72185	97.0556
2.4	379	-1.35863	0.675026	1.47763	3.07841	90.7493
2.4	380	-1.27355	0.542171	1.86131	6.85927	102.584
2.4	381	-1.38546	0.697992	1.67874	3.56581	85.378
2.4	382	-1.2244	0.440157	1.71706	8.46972	109.113
2.4	383	-1.27381	0.510117	1.75951	8.3442	102.689
2.4	384	-1.33635	0.632839	1.65905	5.47409	93.1667
2.4	385	-1.22151	0.500688	1.37881	6.42625	109.545
2.4	386	-1.26451	0.489702	1.69591	8.82649	103.782
2.4	387	-1.32357	0.623721	1.65993	5.97958	94.4367
2.4	388	-1.22613	0.453479	1.19065	7.26695	109.809
2.4	389	-1.25041	0.409563	1.43893	11.2429	104.663
2.4	390	-1.22849	0.429244	1.59562	9.43654	110.497
2.4	391	-1.26092	0.470946	1.31367	8.22338	103.243
2.4	392	-1.3276	0.649477	1.17987	2.37212	93.4031
2.4	393	-1.25514	0.48743	1.97215	11.1104	105.644
2.4	394	-1.19632	0.376066	1.30855	7.51421	114.396
2.4	395	-1.25762	0.48	1.8507	10.2107	104.954
2.4	396	-1.30371	0.598346	1.32093	3.33419	98.0455
2.4	397	-1.23426	0.500378	1.23218	5.49389	108.071
2.4	398	-1.20992	0.407324	1.48791	7.61745	111.892
2.4	399	-1.30907	0.574286	2.03017	9.06885	96.9298
2.4	400	-1.2599	0.463575	1.10621	9.16843	104.855
2.4	401	-1.27923	0.50692	1.69394	10.0693	101.668
2.4	402	-1.23856	0.45704	1.70601	9.13332	107.56
2.4	403	-1.21481	0.39098	1.47206	11.3613	111.824
2.4	404	-1.2722	0.548787	1.56115	5.74986	102.502
2.4	405	-1.30896	0.582605	1.47177	4.46316	97.958
2.4	406	-1.29709	0.57415	1.6264	6.52569	98.1084
2.4	407	-1.27462	0.465958	0.959855	8.3194	102.636
2.4	408	-1.19934	0.298297	1.41124	9.51207	112.902
2.4	409	-1.25655	0.504804	2.07607	12.0912	104.494
2.4	410	-1.18949	0.323183	1.24641	7.74852	114.927
2.4	411	-1.27703	0.478358	1.40051	8.19703	102.202
2.4	412	-1.36648	0.691541	1.03071	2.1753	88.1214
2.4	413	-1.31034	0.606416	1.63293	7.57014	95.9346
2.4	414	-1.30633	0.609891	1.1664	3.34312	97.4541
2.4	415	-1.31181	0.611639	1.41759	3.50895	96.1639
2.4	416	-1.28356	0.498942	1.68796	9.70831	100.776
2.4	417	-1.31676	0.593801	1.57713	5.68191	95.9496
2.4	418	-1.28452	0.570239	1.16151	4.86881	100.766
2.4	419	-1.25105	0.475394	1.31204	6.72355	106.561
2.4	420	-1.27383	0.509607	1.61847	8.70955	101.557
2.4	421	-1.3028	0.575736	1.51146	6.59462	97.2257
2.4	422	-1.23318	0.429111	1.36637	6.01682	109.007
2.4	423	-1.24456	0.465816	1.50304	8.32602	106.066
2.4	424	-1.23505	0.507724	1.13699	3.3699	107.554
2.4	425	-1.23856	0.447918	1.78396	9.46772	106.812
2.4	426	-1.3043	0.611479	1.57982	4.2004	97.1573
2.4	427	-1.26148	0.497096	1.56944	10.4467	104.457
2.4	428	-1.21126	0.41389	1.35084	7.34464	110.666
2.4	429	-1.28932	0.530291	1.47577	7.92026	100.093
2.4	430	-1.34395	0.63064	1.10305	5.50089	91.6535
2.4	431	-1.20548	0.391323	1.27257	9.38778	111.912
2.4	432	-1.23199	0.429259	1.1715	6.7305	109.206
2.4	433	-1.26665	0.522333	1.38832	8.11303	103.513
2.4	434	-1.33804	0.668376	1.02282	2.2593	91.7212
2.4	435	-1.24432	0.501253	1.7078	8.35048	106.632
2.4	436	-1.20711	0.379782	1.34954	8.26489	112.346
2.4	437	-1.25506	0.464771	2.02176	11.3346	105.737
2.4	438	-1.21676	0.396689	1.06012	6.98217	110.329
2.4	439	-1.23497	0.443075	1.90891	12.7013	108.743
2.4	440	-1.26959	0.542807	1.76243	6.62349	103.061
2.4	441	-1.24535	0.483866	1.82779	10.4926	106.014
2.4	442	-1.21136	0.43595	1.78117	7.5945	110.586
2.4	443	-1.23558	0.412325	1.51457	11.5938	108.142
2.4	444	-1.20459	0.336104	1.0666	8.74542	112.757
2.4	445	-1.19384	0.342124	1.12789	9.22564	113.802
2.4	446	-1.29818	0.558296	1.31132	5.66441	98.8901
2.4	447	-1.21689	0.415425	1.20836	7.3026	111.264
2.4	448	-1.25234	0.503538	1.71252	7.5216	104.835
2.4	449	-1.13439	0.207038	1.09995	5.44423	122.806
2.4	450	-1.29289	0.538144	1.73414	8.54316	99.6022
2.4	451	-1.32632	0.646353	1.58011	3.93319	94.0022
2.4	452	-1.31918	0.635199	1.36495	3.22903	95.6217
2.4	453	-1.32857	0.631512	1.49889	5.66552	93.9669
2.4	454	-1.23676	0.441068	1.62312	11.4347	107.273
2.4	455	-1.29991	0.626868	1.40858	3.5777	98.2176
2.4	456	-1.25441	0.509079	1.51478	7.88791	104.636
2.4	457	-1.24466	0.471575	1.07306	6.53441	106.805
2.4	458	-1.35596	0.68131	1.36697	3.25111	89.2555
2.4	459	-1.2429	0.429891	1.60939	9.41078	107.721
2.4	460	-1.25352	0.47462	1.18235	7.22267	104.754
2.4	461	-1.26907	0.543959	1.47194	6.02422	102.451
2.4	462	-1.26755	0.541775	1.64633	8.20934	101.693
2.4	463	-1.20767	0.392786	0.873992	7.07273	111.458
2.4	464	-1.25483	0.494526	1.2861	6.27182	104.379
2.4	465	-1.23976	0.511946	1.14708	3.04778	108.045
2.4	466	-1.28755	0.554667	1.4451	7.25949	99.8283
2.4	467	-1.28585	0.485749	1.83098	12.8472	99.7473
2.4	468	-1.32342	0.634241	1.37745	3.66968	95.9786
2.4	469	-1.26817	0.588422	1.50741	3.70618	102.081
2.4	470	-1.21777	0.355181	1.63327	11.3775	110.277
2.4	471	-1.2562	0.529437	1.2951	5.75265	104.701
2.4	472	-1.18886	0.393729	1.53587	9.16385	114.877
2.4	473	-1.19461	0.381786	1.35373	7.857	114.051
2.4	474	-1.17671	0.280707	1.07212	7.56942	115.85
2.4	475	-1.20747	0.329147	1.12073	5.62766	112.421
2.4	476	-1.23624	0.421387	1.64542	12.1126	107.429
2.4	477	-1.28694	0.555671	1.68343	6.78929	100.172
2.4	478	-1.22619	0.412971	1.42124	7.80582	110.45
2.4	479	-1.18209	0.376712	1.14589	6.40576	115.833
2.4	480	-1.26171	0.497917	1.79036	8.88018	103.096
2.4	481	-1.22553	0.442027	1.48174	10.0443	110.333
2.4	482	-1.27799	0.540021	1.56961	6.50844	101.309
2.4	483	-1.234	0.465549	1.54178	8.48655	108.762
2.4	484	-1.20085	0.338006	1.13834	6.66792	112.568
2.4	485	-1.24142	0.488701	1.52794	7.59161	105.849
2.4	486	-1.22467	0.39107	1.43191	8.48774	108.844
2.4	487	-1.28244	0.544908	1.47564	7.61315	100.123
2.4	488	-1.25334	0.526598	1.51321	5.1956	105.523
2.4	489	-1.22372	0.438252	1.33356	7.73823	109.468
2.4	490	-1.30714	0.614276	1.42687	3.61936	96.002
2.4	491	-1.27798	0.529246	1.73992	8.45196	101.843
2.4	492	-1.24297	0.434959	1.51204	10.8803	106.104
2.4	493	-1.2231	0.455852	1.76104	9.64217	109.639
2.4	494	-1.24302	0.44748	1.93317	11.8822	106.431
2.4	495	-1.21408	0.389444	1.82351	12.0651	110.382
2.4	496	-1.23752	0.484163	1.66135	8.61476	106.817
2.4	497	-1.27567	0.538159	1.31346	5.18766	101.897
2.4	498	-1.30263	0.586837	2.00121	7.44091	97.7209
2.4	499	-1.22088	0.442926	0.820532	4.72925	109.725
2.4	500	-1.16554	0.2702	1.06838	6.85969	119.182
2.4	501	-1.30715	0.600948	1.35976	4.8779	96.9541
2.4	502	-1.25813	0.476773	1.62365	8.45275	103.946
2.4	503	-1.28046	0.56165	1.56229	5.48818	100.312
2.4	504	-1.2876	0.598879	1.28629	3.22096	100.698
2.4	505	-1.29669	0.562129	1.16306	4.49831	98.5426
2.4	506	-1.27644	0.539368	1.56475	7.21606	101.492
2.4	507	-1.26114	0.468314	1.61505	11.8917	104.387
2.4	508	-1.32602	0.644636	1.61302	3.93002	95
2.4	509	-1.22656	0.423949	1.3113	7.8946	109.617
2.4	510	-1.20747	0.373667	1.42242	9.71068	111.149
2.4	511	-1.31947	0.606272	1.54481	7.82535	95.5186
2.4	512	-1.1992	0.363613	1.37814	6.76581	113.459
2.4	513	-1.24522	0.465487	1.38272	6.82423	106.622
2.4	514	-1.37955	0.716566	0.954199	1.32651	86.6848
2.4	515	-1.28388	0.571369	1.15774	4.39762	100.342
2.4	516	-1.28601	0.592917	1.35214	3.64447	100.479
2.4	517	-1.2646	0.530242	1.7045	7.89466	102.758
2.4	518	-1.30185	0.600232	1.33642	4.03416	97.6042
2.4	519	-1.33249	0.651609	1.22946	2.46998	93.3796
2.4	520	-1.24373	0.485462	1.57684	7.82777	106.527
2.4	521	-1.19313	0.296382	1.2512	10.436	113.752
2.4	522	-1.30776	0.606877	1.39004	4.60626	96.7931
2.4	523	-1.18503	0.317763	1.19605	7.79692	114.669
2.4	524	-1.2351	0.397748	1.46283	11.4926	107.292
2.4	525	-1.30036	0.596571	1.45725	7.49822	98.5467
2.4	526	-1.33781	0.604468	1.79721	6.80962	92.6597
2.4	527	-1.27127	0.506717	1.53385	10.7254	102.298
2.4	528	-1.24862	0.510824	1.32222	4.61924	106.301
2.4	529	-1.30858	0.604631	1.47984	4.22921	97.1418
2.4	530	-1.22498	0.425981	2.00975	11.6335	109.953
2.4	531	-1.23239	0.446855	1.57126	9.32254	107.932
2.4	532	-1.28186	0.525385	2.01995	9.932	100.825
2.4	533	-1.18811	0.400779	1.10006	6.03565	115.287
2.4	534	-1.22755	0.435309	1.65315	10.0584	108.798
2.4	535	-1.23615	0.408785	1.2876	7.80689	107.974
2.4	536	-1.25802	0.494282	1.98587	10.2289	104.826
2.4	537	-1.28017	0.595186	1.38929	4.04276	101.397
2.4	538	-1.23032	0.44671	1.35885	8.21156	109.086
2.4	539	-1.29202	0.580325	1.67119	5.53151	99.2709
2.4	540	-1.28085	0.524333	1.50515	7.38284	100.941
2.4	541	-1.28061	0.549473	1.51418	7.29532	101.111
2.4	542	-1.23662	0.499382	1.08755	5.29238	107.821
2.4	543	-1.30974	0.537919	1.52404	7.98134	96.6888
2.4	544	-1.23665	0.396369	1.3838	11.294	108.381
2.4	545	-1.2587	0.490596	1.72849	9.39386	104.083
2.4	546	-1.22799	0.44869	1.40791	7.97623	109.549
2.4	547	-1.29918	0.596792	1.30981	3.18141	98.0786
2.4	548	-1.24684	0.439042	1.57586	11.211	106.261
2.4	549	-1.29818	0.539062	1.47075	8.62292	98.9344
2.4	550	-1.22942	0.452936	1.26806	7.2006	108.818
2.4	551	-1.29777	0.573947	1.73734	7.33159	97.8457
2.4	552	-1.27315	0.503913	1.97216	12.1612	102.375
2.4	553	-1.28174	0.519702	1.64654	10.4367	101.481
2.4	554	-1.25697	0.479188	1.88045	10.6176	105.458
2.4	555	-1.30564	0.630171	1.3463	3.52888	96.7171
2.4	556	-1.21858	0.409577	1.90772	11.2717	111.074
2.4	557	-1.27607	0.555117	1.66152	7.71132	102.016
2.4	558	-1.31203	0.612375	1.40385	4.83019	95.5448
2.4	559	-1.22275	0.425224	1.19819	8.63922	108.977
2.4	560	-1.34025	0.620366	1.30639	5.1576	92.5536
2.4	561	-1.26472	0.523316	1.44491	8.44965	102.399
2.4	562	-1.16651	0.275543	1.34719	8.21359	117.689
2.4	563	-1.29158	0.553393	1.29654	8.52299	99.1581
2.4	564	-1.25541	0.524379	1.41009	6.79438	104.541
2.4	565	-1.24308	0.483761	1.53503	6.22255	107.274
2.4	566	-1.28571	0.547959	1.44696	5.72969	100.173
2.4	567	-1.23905	0.458757	1.4182	9.30946	106.988
2.4	568	-1.27507	0.549586	1.48237	7.71073	101.6
2.4	569	-1.2242	0.439341	1.61007	9.37441	110.1
2.4	570	-1.32451	0.651491	1.45732	3.25771	94.0456
2.4	571	-1.30825	0.618564	1.29289	3.96651	96.8144
2.4	572	-1.24622	0.511906	1.09395	4.58008	106.171
2.4	573	-1.28061	0.563569	1.30927	4.96563	101.34
2.4	574	-1.25002	0.462683	1.22717	7.76275	106.341
2.4	575	-1.22249	0.416157	1.92016	11.0718	111.003
2.4	576	-1.19927	0.427023	1.05663	5.83915	113.189
2.4	577	-1.27586	0.522617	1.04643	6.40459	102.253
2.4	578	-1.32564	0.65026	1.09573	2.27288	94.3772
2.4	579	-1.20404	0.43	1.58385	8.29858	112.834
2.4	580	-1.25116	0.510457	1.6844	8.20048	105.338
2.4	581	-1.24599	0.52432	1.35936	5.52249	106.401
2.4	582	-1.29522	0.573703	1.8259	7.58757	99.0241
2.4	583	-1.32695	0.633242	1.20087	2.50888	95.1612
2.4	584	-1.28091	0.537509	1.53989	7.65552	101.625
2.4	585	-1.2346	0.442248	2.0319	10.3253	107.921
2.4	586	-1.29609	0.596792	1.28879	5.23844	98.8259
2.4	587	-1.26613	0.521823	1.6076	9.2957	102.543
2.4	588	-1.20707	0.326386	1.31283	7.86264	112.973
2.4	589	-1.26837	0.525789	1.01387	4.58533	102.92
2.4	590	-1.21632	0.395415	1.77671	10.9472	111.081
2.4	591	-1.23448	0.408723	1.43965	9.04346	109.266
2.4	592	-1.25155	0.469468	1.43663	8.59026	106.255
2.4	593	-1.24614	0.448921	1.39388	7.69822	106.776
2.4	594	-1.21919	0.335985	1.13248	8.26195	109.503
2.4	595	-1.23329	0.481412	1.26706	5.48493	107.38
2.4	596	-1.23522	0.428104	1.63135	11.9017	108.384
2.4	597	-1.21891	0.464866	1.03036	5.10953	110.449
2.4	598	-1.20962	0.394749	1.25973	9.6543	111.92
2.4	599	-1.26736	0.503715	1.4418	8.42635	103.369
2.4	600	-1.23663	0.443075	1.23671	7.31188	107.928
2.4	601	-1.23785	0.389426	1.52479	11.2531	108.178
2.4	602	-1.21178	0.353331	1.7093	10.6211	111.616
2.4	603	-1.30859	0.609552	1.60343	4.64375	96.4063
2.4	604	-1.27081	0.544942	1.60924	7.32078	102.182
2.4	605	-1.21683	0.406397	1.50635	7.98819	110.056
2.4	606	-1.27432	0.534224	1.17978	6.23036	101.741
2.4	607	-1.21878	0.344695	1.56223	11.3499	110.549
2.4	608	-1.21753	0.392072	1.40992	9.97179	110.301
2.4	609	-1.29897	0.61592	1.4301	4.16525	98.1067
2.4	610	-1.24046	0.495574	1.3529	5.19992	107.623
2.4	611	-1.26416	0.527177	1.67747	6.7148	104.061
2.4	612	-1.23	0.456618	1.45516	8.40294	108.212
2.4	613	-1.29357	0.570938	1.73732	6.44155	99.5057
2.4	614	-1.20358	0.34645	1.62234	8.6541	113.516
2.4	615	-1.27642	0.566626	1.47696	4.43239	102.743
2.4	616	-1.19451	0.35461	1.14582	9.03527	114.276
2.4	617	-1.21207	0.380737	1.18696	7.25285	111.326
2.4	618	-1.25236	0.486901	1.49597	8.61884	105.761
2.4	619	-1.22569	0.439709	1.56462	8.26166	109.499
2.4	620	-1.27802	0.564911	1.15182	3.66928	100.826
2.4	621	-1.24192	0.430676	1.69447	10.3281	107.251
2.4	622	-1.19865	0.373513	1.29254	9.48324	113.484
2.4	623	-1.20668	0.398692	1.40468	8.00654	111.79
2.4	624	-1.24293	0.502548	1.3406	5.37062	106.261
2.4	625	-1.24997	0.475824	1.11053	7.12652	105.922
2.4	626	-1.23856	0.47476	1.25077	6.36336	107.602
2.4	627	-1.2903	0.537879	1.38699	9.02852	99.8182
2.4	628	-1.25318	0.475462	1.33183	8.07474	105.436
2.4	629	-1.33731	0.654579	1.37118	2.88878	92.6709
2.4	630	-1.28763	0.54981	1.64583	8.49439	99.8429
2.4	631	-1.24518	0.501735	1.69814	6.23768	106.791
2.4	632	-1.19087	0.315071	1.19777	5.99708	114.209
2.4	633	-1.20537	0.356145	1.47548	11.7103	112.392
2.4	634	-1.233	0.41918	1.6246	11.8408	108.464
2.4	635	-1.27531	0.503228	1.43025	9.37137	101.717
2.4	636	-1.24755	0.451376	1.75362	10.9441	106.407
2.4	637	-1.33352	0.609466	1.61764	6.27943	94.1224
2.4	638	-1.23393	0.426277	1.64897	9.8544	108.538
2.4	639	-1.23936	0.521526	1.18721	4.80328	106.809
2.4	640	-1.17447	0.303234	0.963761	6.30516	117.544
2.4	641	-1.32115	0.626763	1.45328	4.73128	94.7832
2.4	642	-1.19581	0.386558	1.69942	9.15706	114.062
2.4	643	-1.26625	0.548958	1.34276	5.33739	103.101
2.4	644	-1.26683	0.482477	1.61421	10.1631	102.612
2.4	645	-1.28859	0.49407	1.66796	12.7194	100.505
2.4	646	-1.2607	0.51445	1.77004	10.0089	104.111
2.4	647	-1.25844	0.555549	1.26654	5.04666	104.196
2.4	648	-1.27554	0.493773	2.13422	12.1511	101.963
2.4	649	-1.32545	0.64933	1.37435	3.13543	94.5547
2.4	650	-1.29817	0.610223	1.34296	4.46097	97.68
2.4	651	-1.22478	0.427465	2.27597	12.0688	110.249
2.4	652	-1.29621	0.589202	1.20626	3.82456	99.0307
2.4	653	-1.24896	0.479755	1.61701	8.07193	106.501
2.4	654	-1.28211	0.543884	1.60743	7.86776	101.113
2.4	655	-1.32015	0.618718	1.37674	3.8574	94.9084
2.4	656	-1.25764	0.492005	1.21412	6.15677	104.791
2.4	657	-1.22387	0.391408	1.16677	8.38404	110.242
2.4	658	-1.2715	0.535714	1.61272	8.11747	102.003
2.4	659	-1.2534	0.439279	1.4914	11.3917	105.344
2.4	660	-1.27798	0.526121	1.71604	9.90844	102.205
2.4	661	-1.23589	0.442685	1.61454	8.17652	108.315
2.4	662	-1.26953	0.50114	1.62019	8.92069	102.656
2.4	663	-1.24873	0.443235	2.04608	13.8229	105.437
2.4	664	-1.26297	0.514706	1.63804	8.81166	103.193
2.4	665	-1.21726	0.418729	1.6156	10.0674	110.964
2.4	666	-1.30566	0.57744	1.49489	8.92888	97.7763
2.4	667	-1.2357	0.438066	1.70983	10.6595	108.084
2.4	668	-1.2103	0.368585	1.30459	9.27419	112.344
2.4	669	-1.22984	0.427242	1.41007	11.3643	108.396
2.4	670	-1.27075	0.488993	1.65684	11.3461	101.846
2.4	671	-1.25945	0.478115	1.84106	11.7672	104.596
2.4	672	-1.2465	0.492909	1.31941	6.80669	106.606
2.4	673	-1.26924	0.478536	1.82495	11.4764	102.999
2.4	674	-1.29298	0.553628	1.39962	6.39446	99.0742
2.4	675	-1.23028	0.441111	1.25655	7.57334	108.17
2.4	676	-1.22652	0.392589	1.17584	6.58492	110.346
2.4	677	-1.26	0.501411	1.73921	10.1312	104.539
2.4	678	-1.23928	0.481276	1.66453	9.07518	106.906
2.4	679	-1.23791	0.48905	1.48965	7.10994	107.996
2.4	680	-1.27046	0.507331	1.38745	8.60965	103.528
2.4	681	-1.23103	0.419905	1.44712	9.91862	109.239
2.4	682	-1.35239	0.68489	1.20243	2.61417	90.3622
2.4	683	-1.29943	0.567313	1.7458	7.74925	98.9151
2.4	684	-1.25158	0.497251	1.54352	6.9988	106.019
2.4	685	-1.22994	0.417248	1.90598	11.3801	108.891
2.4	686	-1.33777	0.650598	1.46225	3.56655	92.4096
2.4	687	-1.27658	0.545058	1.40236	6.97363	101.856
2.4	688	-1.27599	0.49048	2.14211	11.7936	102.318
2.4	689	-1.27753	0.52106	1.78782	9.10632	101.747
2.4	690	-1.2549	0.489804	1.56442	7.91256	104.932
2.4	691	-1.24952	0.483763	1.63615	9.87689	106.156
2.4	692	-1.27552	0.519314	1.29071	6.77796	102.016
2.4	693	-1.24948	0.456306	1.57578	11.6437	105.706
2.4	694	-1.31435	0.619431	1.65543	4.11194	96.2133
2.4	695	-1.25019	0.504576	1.4568	7.48847	106.401
2.4	696	-1.29885	0.611401	1.61423	3.9237	98.6106
2.4	697	-1.3311	0.622245	1.49672	5.85746	93.7805
2.4	698	-1.29413	0.574219	1.42818	5.24783	100.011
2.4	699	-1.2678	0.485486	1.68966	10.2324	103.159
2.4	700	-1.29777	0.550321	1.59479	7.44301	99.05
2.4	701	-1.20501	0.427689	1.61869	7.59926	112.221
2.4	702	-1.22909	0.418868	1.65563	11.1343	108.95
2.4	703	-1.26467	0.528393	1.49059	6.84664	103.191
2.4	704	-1.25585	0.501314	1.50303	7.06377	105.422
2.4	705	-1.18468	0.342816	0.977359	5.90566	116.03
2.4	706	-1.253	0.481239	1.45562	9.81681	105.353
2.4	707	-1.23494	0.466683	1.2584	7.37924	107.938
2.4	708	-1.22568	0.429273	1.714	9.39076	108.651
2.4	709	-1.20241	0.397236	1.12582	7.66706	113.523
2.4	710	-1.31575	0.591239	1.5821	8.17236	96.5099
2.4	711	-1.32783	0.646892	1.0866	2.22324	93.3263
2.4	712	-1.25483	0.47493	1.67345	9.4058	104.944
2.4	713	-1.24091	0.45338	1.71676	8.60946	107.029
2.4	714	-1.2592	0.50152	1.58717	9.65619	104.216
2.4	715	-1.23354	0.40172	1.59957	11.2059	108.084
2.4	716	-1.21233	0.399574	1.11939	7.46291	111.811
2.4	717	-1.26404	0.470237	1.26893	8.79788	104.165
2.4	718	-1.24857	0.497667	1.35144	6.93288	105.843
2.4	719	-1.20976	0.350501	1.09228	8.82773	112.071
2.4	720	-1.2015	0.368903	1.24836	8.66971	113.447
2.4	721	-1.21929	0.415236	1.63091	10.4858	110.545
2.4	722	-1.17195	0.316614	1.10755	6.53294	117.571
2.4	723	-1.28162	0.53453	1.55606	7.20279	101.281
2.4	724	-1.28613	0.548204	1.4139	6.80267	100.407
2.4	725	-1.24233	0.458083	1.62124	10.7777	106.663
2.4	726	-1.26372	0.47958	1.40279	8.39798	103.939
2.4	727	-1.21607	0.429787	1.20558	8.58936	110.964
2.4	728	-1.2583	0.531806	1.41935	6.44389	103.683
2.4	729	-1.25846	0.500912	1.05034	7.66919	104.067
2.4	730	-1.22401	0.410219	1.3816	9.39761	110.058
2.4	731	-1.25398	0.502668	1.61029	8.35655	104.814
2.4	732	-1.25287	0.470458	1.39877	9.16713	105.738
2.4	733	-1.26664	0.480068	1.46488	8.78168	103.012
2.4	734	-1.28099	0.559353	1.63153	8.09232	101.119
2.4	735	-1.26042	0.496735	1.81294	9.72425	104.797
2.4	736	-1.23683	0.393838	1.58034	10.9644	107.817
2.4	737	-1.286	0.511995	1.90296	11.7364	100.684
2.4	738	-1.21434	0.445203	1.51947	8.52161	110.779
2.4	739	-1.23453	0.460034	1.2645	6.75772	108.227
2.4	740	-1.27188	0.562182	1.24914	4.62749	102.641
2.4	741	-1.28364	0.586404	1.31112	4.2319	100.656
2.4	742	-1.25445	0.515451	1.34428	6.40006	104.899
2.4	743	-1.26268	0.495949	1.40156	9.32624	104.437
2.4	744	-1.28473	0.549819	1.47765	6.63584	100.046
2.4	745	-1.23812	0.455604	1.28313	7.03717	108.381
2.4	746	-1.28315	0.596716	1.74869	4.54759	100.771
2.4	747	-1.22874	0.428534	1.1218	7.20523	109.345
2.4	748	-1.25047	0.463516	1.6726	10.5434	104.777
2.4	749	-1.29644	0.615988	1.04771	2.79852	98.3805
2.4	750	-1.25405	0.477367	1.38962	8.99288	105.156
2.4	751	-1.2592	0.458282	1.59897	11.7032	104.174
2.4	752	-1.26888	0.514987	1.24635	7.70124	103.045
2.4	753	-1.19027	0.321162	0.975796	6.20386	115.023
2.4	754	-1.24721	0.450889	1.63251	9.93753	106.269
2.4	755	-1.23785	0.472311	1.37943	7.59978	107.277
2.4	756	-1.27454	0.563069	1.18891	3.78074	101.923
2.4	757	-1.20238	0.333877	1.12815	8.04415	112.551
2.4	758	-1.24901	0.424664	1.5035	12.3399	105.842
2.4	759	-1.27343	0.535744	1.55743	7.34484	101.822
2.4	760	-1.21757	0.395316	1.31261	8.99761	110.288
2.4	761	-1.18204	0.334501	1.24505	8.28418	116.275
2.4	762	-1.23133	0.455965	1.36588	7.00345	108.892
2.4	763	-1.36299	0.682176	1.41969	2.99542	88.637
2.4	764	-1.22156	0.351041	1.38202	9.61787	109.673
2.4	765	-1.20298	0.392366	1.37251	7.67385	112.059
2.4	766	-1.20465	0.394086	1.25501	7.19506	112.243
2.4	767	-1.23661	0.443748	1.2622	8.31558	107.57
2.4	768	-1.23641	0.453184	1.69089	10.0172	107.897
2.4	769	-1.26909	0.506554	1.41981	9.0311	102.965
2.4	770	-1.18	0.309175	1.16185	6.21299	115.755
2.4	771	-1.24092	0.439112	1.06172	7.75322	107.097
2.4	772	-1.21617	0.404896	1.29565	9.40786	110.835
2.4	773	-1.27	0.514942	1.46976	7.21351	102.856
2.4	774	-1.27824	0.573521	1.32429	5.00134	101.019
2.4	775	-1.24665	0.484355	1.6151	8.89501	105.515
2.4	776	-1.19718	0.36576	1.26972	9.65479	113.414
2.4	777	-1.26331	0.484498	1.61915	10.3245	103.441
2.4	778	-1.18022	0.346844	1.42028	10.0577	116.446
2.4	779	-1.28471	0.575513	1.16752	4.93783	99.9705
2.4	780	-1.28873	0.572968	1.68715	6.37736	100.017
2.4	781	-1.2616	0.521818	1.4059	6.7601	103.915
2.4	782	-1.21368	0.378747	1.35752	9.78071	111.322
2.4	783	-1.28037	0.548072	1.4437	6.26973	101.473
2.4	784	-1.21611	0.343176	1.2525	9.33316	110.939
2.4	785	-1.21981	0.417134	1.34891	7.73964	110.312
2.4	786	-1.2635	0.497742	1.28068	9.70247	103.541
2.4	787	-1.25977	0.465051	1.8637	13.1699	104.173
2.4	788	-1.24607	0.496421	1.17962	7.39908	105.783
2.4	789	-1.24815	0.464252	1.72499	12.0211	105.602
2.4	790	-1.15395	0.281829	0.950587	6.32797	119.872
2.4	791	-1.26817	0.519564	1.78524	9.19766	103.155
2.4	792	-1.25852	0.517052	1.41779	6.62604	104.646
2.4	793	-1.22747	0.41418	1.83335	10.1244	109.619
2.4	794	-1.27018	0.534861	1.27214	6.03543	102.866
2.4	795	-1.24242	0.477	1.62888	9.43302	106.265
2.4	796	-1.23401	0.429849	1.34036	8.70986	108.116
2.4	797	-1.26975	0.546995	1.55829	6.9288	103.292
2.4	798	-1.27051	0.479098	1.30793	9.18554	103.492
2.4	799	-1.25984	0.49388	1.74373	9.33487	104.387
2.4	800	-1.25161	0.494013	1.34294	7.44562	105.794
2.4	801	-1.2792	0.546261	1.40525	6.91092	100.884
2.4	802	-1.22835	0.46086	1.50187	8.2679	108.779
2.4	803	-1.25564	0.459944	1.57311	10.7349	104.545
2.4	804	-1.27734	0.532189	1.15735	6.44884	102.042
2.4	805	-1.22642	0.429273	1.3679	7.54052	109.887
2.4	806	-1.23856	0.427103	1.06565	9.57681	107.733
2.4	807	-1.24739	0.443445	1.61935	10.9581	106.783
2.4	808	-1.25187	0.54737	1.40904	5.40627	105.084
2.4	809	-1.29025	0.577689	1.37242	5.49252	100.11
2.4	810	-1.26507	0.521451	1.87588	8.03787	103.7
2.4	811	-1.26187	0.532367	1.23943	5.62897	103.42
2.4	812	-1.31451	0.592525	1.23473	4.77381	96.4397
2.4	813	-1.25253	0.463272	1.67912	11.2846	104.931
2.4	814	-1.26115	0.5089	1.66584	8.97554	104.457
2.4	815	-1.21348	0.392945	1.24241	10.9503	111.885
2.4	816	-1.26511	0.507892	1.66042	8.99995	103.85
2.4	817	-1.26531	0.538917	1.46283	5.16448	103.726
2.4	818	-1.23858	0.46555	1.44466	9.09343	107.57
2.4	819	-1.25908	0.493578	1.34363	7.81128	104.177
2.4	820	-1.228	0.430104	1.38734	9.55529	109.465
2.4	821	-1.26582	0.497734	1.67521	10.0034	103.351
2.4	822	-1.25168	0.482464	1.62616	8.17992	105.592
2.4	823	-1.25411	0.497789	1.51187	7.30453	104.851
2.4	824	-1.27271	0.518799	1.63458	9.3489	102.385
2.4	825	-1.22217	0.427158	1.3085	7.72188	110.293
2.4	826	-1.25127	0.429383	1.14299	10.4662	104.987
2.4	827	-1.25903	0.491802	1.20466	7.6823	104.212
2.4	828	-1.27856	0.526184	1.57013	7.8663	101.349
2.4	829	-1.25613	0.507539	1.18197	5.95792	104.649
2.4	830	-1.22913	0.44338	1.30187	7.37144	109.113
2.4	831	-1.23339	0.482768	1.67556	8.39543	107.927
2.4	832	-1.27452	0.518275	1.61948	9.05632	102.472
2.4	833	-1.21462	0.426621	1.38131	7.80712	110.635
2.4	834	-1.24447	0.510012	1.3335	5.34639	106.848
2.4	835	-1.26109	0.513629	1.52501	6.64887	104.48
2.4	836	-1.29298	0.609892	1.12036	3.13555	99.1471
2.4	837	-1.24809	0.468327	1.33338	8.49735	105.955
2.4	838	-1.22129	0.450227	1.39902	8.0618	109.237
2.4	839	-1.25282	0.487849	1.29066	8.81466	105.361
2.4	840	-1.24133	0.432756	1.57289	10.9371	106.162
2.4	841	-1.30762	0.563603	1.9456	8.83177	97.2711
2.4	842	-1.25039	0.507791	1.38917	6.76893	105.267
2.4	843	-1.19632	0.410172	1.44583	8.60223	113.516
2.4	844	-1.27506	0.518383	1.15917	6.54921	101.835
2.4	845	-1.26585	0.497325	1.48878	8.06934	103.331
2.4	846	-1.2076	0.39633	1.63595	9.51568	111.741
2.4	847	-1.3126	0.563489	1.56497	9.32278	96.1523
2.4	848	-1.22954	0.405938	1.31788	8.97088	108.5
2.4	849	-1.21947	0.429446	1.1794	7.91735	109.827
2.4	850	-1.25792	0.481259	1.39116	9.30168	104.114
2.4	851	-1.24769	0.473807	1.57238	8.01386	105.709
2.4	852	-1.22477	0.42419	1.6592	9.78477	109.266
2.4	853	-1.26774	0.496325	1.37669	10.3302	102.487
2.4	854	-1.1887	0.344748	1.25038	7.82015	115.047
2.4	855	-1.26	0.464456	1.67112	10.9771	103.804
2.4	856	-1.308	0.616408	1.24785	3.80427	96.7675
2.4	857	-1.28337	0.51738	1.42546	9.81663	100.365
2.4	858	-1.20712	0.348695	1.19127	8.85144	112.333
2.4	859	-1.23021	0.429284	1.53568	9.95199	108.426
2.4	860	-1.22819	0.406081	1.29606	8.41313	108.751
2.4	861	-1.24645	0.474477	1.58105	9.41679	106.045
2.4	862	-1.25719	0.468057	1.51408	11.7017	104.503
2.4	863	-1.20829	0.392781	1.37946	9.25169	112.863
2.4	864	-1.27162	0.531997	1.59447	8.96418	102.295
2.4	865	-1.24987	0.478838	1.35643	8.85276	105.164
2.4	866	-1.19306	0.412679	1.3481	9.47463	113.544
2.4	867	-1.27686	0.549245	1.58345	7.92791	101.315
2.4	868	-1.27341	0.544591	1.796	7.92732	103.112
2.4	869	-1.28148	0.552031	1.52955	6.42187	101.081
2.4	870	-1.27764	0.495546	1.87049	11.6335	101.77
2.4	871	-1.29005	0.539013	1.78683	8.0688	99.8427
2.4	872	-1.22576	0.383056	1.4847	8.36749	110.63
2.4	873	-1.24613	0.479301	1.57081	8.19279	106.695
2.4	874	-1.23104	0.441116	1.72894	11.5514	108.193
2.4	875	-1.22858	0.377954	1.29894	8.9556	109.569
2.4	876	-1.2743	0.521695	1.72454	10.5242	102.252
2.4	877	-1.21997	0.399704	1.27639	8.61488	110.261
2.4	878	-1.26172	0.4957	1.57975	9.36411	103.309
2.4	879	-1.27544	0.526502	1.32581	8.41211	102.176
2.4	880	-1.22528	0.420847	1.20602	7.75162	109.157
2.4	881	-1.19964	0.36181	1.0934	7.13985	113.824
2.4	882	-1.22881	0.423537	1.7287	10.7066	109.151
2.4	883	-1.22721	0.446806	1.46936	8.11006	108.661
2.4	884	-1.23469	0.440147	1.29297	7.93449	107.871
2.4	885	-1.27032	0.52296	1.49153	8.18603	102.07
2.4	886	-1.28857	0.515502	1.86693	9.78146	99.7901
2.4	887	-1.21391	0.434859	1.05239	7.46563	110.844
2.4	888	-1.22713	0.420974	0.98478	8.69255	109.437
2.4	889	-1.24189	0.475861	1.42482	7.84272	106.465
2.4	890	-1.19536	0.342742	1.07985	8.47451	114.092
2.4	891	-1.25198	0.480157	1.03751	6.69941	105.753
2.4	892	-1.28659	0.574339	1.3023	5.19119	100.008
2.4	893	-1.23003	0.427906	1.35645	9.25422	109.097
2.4	894	-1.25207	0.467506	1.43813	9.27789	105.188
2.4	895	-1.22126	0.456553	1.5672	9.8737	110.166
2.4	896	-1.21544	0.4025	1.32957	9.06853	110.372
2.4	897	-1.28376	0.528004	1.48347	8.23308	100.925
2.4	898	-1.26464	0.508229	1.58124	8.38887	103.602
2.4	899	-1.22692	0.435184	1.61044	10.2523	108.571
2.4	900	-1.25108	0.484644	1.6626	9.70687	105.394
2.4	901	-1.19319	0.320411	1.06144	6.89168	114.56
2.4	902	-1.29663	0.560654	1.60475	6.41692	98.5022
2.4	903	-1.31159	0.595288	1.5047	6.50562	96.34
2.4	904	-1.25996	0.485055	1.6181	8.64816	104.631
2.4	905	-1.24115	0.435939	1.32207	8.99935	106.541
2.4	906	-1.26244	0.464658	1.68855	12.1145	103.429
2.4	907	-1.22195	0.390799	1.64075	11.2532	110.251
2.4	908	-1.2358	0.465975	1.24648	6.66697	108.03
2.4	909	-1.26806	0.52236	1.46776	6.69458	103.308
2.4	910	-1.29057	0.57033	1.4553	6.63795	99.3011
2.4	911	-1.28661	0.571537	1.60443	5.17153	99.7574
2.4	912	-1.24469	0.47085	1.31325	6.39747	107.155
2.4	913	-1.2587	0.51557	1.44879	6.75547	103.877
2.4	914	-1.24375	0.483911	1.25602	6.81938	106.063
2.4	915	-1.19674	0.391699	1.31218	8.11289	113.792
2.4	916	-1.28136	0.574241	1.53028	5.09231	100.905
2.4	917	-1.22579	0.465971	1.36757	8.53662	108.875
2.4	918	-1.23435	0.455556	1.51534	6.83693	108.466
2.4	919	-1.28742	0.574739	1.6005	5.04835	100.349
2.4	920	-1.26176	0.521489	1.44594	8.32685	103.733
2.4	921	-1.27342	0.499115	1.79711	9.26064	102.527
2.4	922	-1.29239	0.560114	1.82872	8.24954	99.6746
2.4	923	-1.23652	0.45208	1.45697	10.1865	107.042
2.4	924	-1.2565	0.48671	1.41638	8.45412	104.628
2.4	925	-1.22671	0.454746	1.34452	7.58429	109.226
2.4	926	-1.2106	0.423715	2.11839	12.0879	111.297
2.4	927	-1.21217	0.408749	1.14238	7.55697	111.399
2.4	928	-1.27448	0.549095	1.36995	4.7147	101.622
2.4	929	-1.25431	0.475253	1.82995	10.275	105.372
2.4	930	-1.23853	0.455812	1.38422	7.44391	108.047
2.4	931	-1.28354	0.547562	1.42958	5.80232	100.652
2.4	932	-1.24874	0.443771	1.50599	9.69704	106.159
2.4	933	-1.30339	0.577567	1.69792	7.88923	97.5638
2.4	934	-1.27726	0.538721	1.41766	6.84931	101.37
2.4	935	-1.29868	0.573021	1.49831	6.58959	98.7166
2.4	936	-1.27769	0.548467	1.39778	6.57817	101.39
2.4	937	-1.22573	0.405091	1.28306	9.50946	109.911
2.4	938	-1.23731	0.449755	1.45711	8.66861	107.351
2.4	939	-1.16912	0.307423	0.962043	5.45056	117.735
2.4	940	-1.29151	0.555293	1.60844	7.26945	99.7447
2.4	941	-1.21847	0.40882	1.42346	9.64363	110.251
2.4	942	-1.24884	0.492484	1.24605	6.82802	105.987
2.4	943	-1.30741	0.622709	1.57598	3.14178	97.2672
2.4	944	-1.30386	0.586557	1.84066	8.77979	97.4555
2.4	945	-1.24737	0.447317	1.32239	8.74238	106.316
2.4	946	-1.28489	0.576501	1.42761	6.25042	100.661
2.4	947	-1.2326	0.458083	1.63198	9.25232	108.001
2.4	948	-1.23079	0.40241	1.44683	10.7795	108.656
2.4	949	-1.23682	0.483672	1.34056	6.85325	107.992
2.4	950	-1.29014	0.572953	1.55107	7.21191	100.254
2.4	951	-1.21662	0.425521	1.24592	6.69127	110.855
2.4	952	-1.23492	0.483761	1.34913	6.18372	107.639
2.4	953	-1.25763	0.476364	1.82455	9.62006	104.528
2.4	954	-1.20873	0.377699	1.14714	7.77375	111.878
2.4	955	-1.26847	0.524895	1.71428	9.00851	103.025
2.4	956	-1.27743	0.570068	1.30167	4.30957	101.75
2.4	957	-1.25743	0.458506	1.50195	10.4271	104.838
2.4	958	-1.26351	0.516968	1.79993	7.38444	103.186
2.4	959	-1.25743	0.476095	1.55477	8.72208	104.897
2.4	960	-1.27462	0.541755	1.11928	5.06384	101.916
2.4	961	-1.22945	0.444017	1.17018	7.66801	108.757
2.4	962	-1.2134	0.437173	1.45013	8.07366	111.1
2.4	963	-1.20449	0.376199	1.30799	9.26759	112.781
2.4	964	-1.29219	0.549481	1.79169	9.26277	99.9367
2.4	965	-1.16893	0.27815	1.14237	6.93892	117.655
2.4	966	-1.2856	0.564281	1.41658	5.24775	101.215
2.4	967	-1.22445	0.416846	1.35467	8.79489	109.454
2.4	968	-1.24523	0.434463	1.64351	11.229	106.87
2.4	969	-1.25824	0.520939	1.55195	7.93778	104.776
2.4	970	-1.28824	0.566866	1.08809	4.85556	100.028
2.4	971	-1.23209	0.456735	1.47483	7.68259	108.023
2.4	972	-1.23199	0.430638	1.62738	9.66437	108.146
2.4	973	-1.2066	0.37295	1.45103	8.19776	112.61
2.4	974	-1.3114	0.615996	1.3922	4.52044	96.8121
2.4	975	-1.24864	0.490774	1.59643	10.0714	105.959
2.4	976	-1.26169	0.507628	1.51351	7.57565	104.549
2.4	977	-1.22097	0.408649	1.55598	9.88935	110.426
2.4	978	-1.3127	0.610194	1.37723	3.69638	96.6166
2.4	979	-1.21977	0.413095	1.40369	8.47224	109.938
2.4	980	-1.19465	0.363786	1.24038	7.19701	113.413
2.4	981	-1.21945	0.450031	1.27859	7.82778	110.258
2.4	982	-1.28881	0.582082	1.34412	5.14556	99.7505
2.4	983	-1.23272	0.460539	1.62434	7.86391	108.439
2.4	984	-1.23048	0.448841	1.29691	8.86289	108.599
2.4	985	-1.29985	0.568406	1.57602	7.52739	98.8548
2.4	986	-1.2512	0.520629	1.03126	6.11588	105.532
2.4	987	-1.21025	0.413019	1.68485	10.3672	110.933
2.4	988	-1.18685	0.348725	1.21326	7.47383	114.818
2.4	989	-1.2742	0.52504	1.46453	10.2294	101.865
2.4	990	-1.2093	0.383586	1.05154	7.04266	111.786
2.4	991	-1.24462	0.503103	1.5555	7.16256	106.43
2.4	992	-1.28033	0.538785	1.57763	8.09627	101.012
2.4	993	-1.22836	0.439975	1.20836	7.21632	108.864
2.4	994	-1.2489	0.473255	1.35025	7.97917	106.488
2.4	995	-1.22472	0.352497	1.42772	10.0829	108.894
2.4	996	-1.21431	0.351431	1.10721	7.91299	110.569
2.4	997	-1.21705	0.420607	1.4258	7.64137	110.712
2.4	998	-1.28806	0.561413	1.60857	7.46394	100.341
2.4	999	-1.22724	0.482282	1.39438	6.79482	108.492
2.4	1000	-1.24002	0.498305	1.14222	5.04144	107.727
