1	1	-2	1	0	0	0
1	2	-2	1	0	0	0
1	3	-1.99833	0.999583	0.00888889	0.000555556	2
1	4	-2	1	0	0	0
1	5	-2	1	0	0	0
1	6	-1.995	0.99875	0.0133333	0.000833333	2.16667
1	7	-1.99536	0.99875	0.0183673	0.00142857	1.57143
1	8	-2	1	0	0	0.5
1	9	-1.9925	0.998056	0.0711111	0.00506173	2.33333
1	10	-1.9965	0.999125	0.0164	0.001025	1.5
1	11	-1.99955	0.999886	0.00330579	0.000206612	0.545455
1	12	-1.99792	0.999479	0.0163889	0.00102431	1
1	13	-1.99846	0.999615	0.0146746	0.00091716	0.769231
1	14	-1.99643	0.999107	0.0138776	0.000867347	1.78571
1	15	-1.997	0.999167	0.0189333	0.00155556	1.4
1	16	-1.99687	0.999219	0.024375	0.00152344	1
1	17	-1.99735	0.999338	0.024083	0.00150519	1.05882
1	18	-1.99722	0.999306	0.014321	0.000895062	1.38889
1	19	-1.99632	0.999013	0.0445983	0.00331025	1.21053
1	20	-1.99725	0.999313	0.0099	0.00061875	1.1
1	21	-1.99833	0.999583	0.0126984	0.000793651	0.761905
1	22	-1.99602	0.998977	0.0151446	0.00105372	1.27273
1	23	-1.99859	0.99962	0.0163705	0.00118147	0.956522
1	24	-1.99792	0.999479	0.0130556	0.000815972	0.916667
1	25	-1.9986	0.99965	0.008064	0.000504	0.72
1	26	-1.99712	0.999279	0.0159172	0.000994822	0.884615
1	27	-1.99759	0.999398	0.0159122	0.000994513	0.888889
1	28	-1.99929	0.999821	0.0077551	0.000484694	0.642857
1	29	-1.99862	0.999655	0.0135077	0.000844233	1.17241
1	30	-1.99867	0.999667	0.0131556	0.000822222	0.933333
1	31	-1.99685	0.999194	0.0154631	0.00105619	1.41935
1	32	-1.99672	0.99918	0.0290234	0.00181396	0.84375
1	33	-1.99758	0.999394	0.0172635	0.00107897	1.09091
1	34	-1.99647	0.999118	0.0247751	0.00154844	1.23529
1	35	-1.99871	0.999679	0.00992653	0.000620408	0.914286
1	36	-1.99694	0.999236	0.0250617	0.00156636	1.27778
1	37	-1.99716	0.999291	0.018466	0.00115413	1.59459
1	38	-1.9975	0.999375	0.0289474	0.00180921	0.894737
1	39	-1.99718	0.999295	0.0262459	0.00164037	1.15385
1	40	-1.99656	0.999094	0.0318438	0.00237344	1.575
1	41	-1.99591	0.998963	0.0330518	0.00218322	1.4878
1	42	-1.99774	0.999435	0.0175283	0.00109552	0.97619
1	43	-1.99448	0.998517	0.0551433	0.00433207	1.76744
1	44	-1.99773	0.999432	0.0190083	0.00118802	0.977273
1	45	-1.99694	0.999222	0.0208395	0.00136543	1.37778
1	46	-1.99772	0.999429	0.0151418	0.000946361	1.17391
1	47	-1.99771	0.999415	0.012268	0.00083522	0.978723
1	48	-1.99646	0.999115	0.0249306	0.00155816	1.33333
1	49	-1.9975	0.999311	0.0212245	0.0021491	1.06122
1	50	-1.99555	0.998875	0.035716	0.002325	1.32
1	51	-1.99804	0.999485	0.0138485	0.000997693	1.07843
1	52	-1.99736	0.999327	0.0120821	0.000813609	0.961538
1	53	-1.99453	0.998585	0.0483232	0.00330545	1.67925
1	54	-1.99792	0.999468	0.0162037	0.00107425	1.05556
1	55	-1.99818	0.999545	0.0136198	0.00085124	1.07273
1	56	-1.99723	0.999286	0.0223852	0.0015051	1
1	57	-1.99693	0.999232	0.0249184	0.0015574	1.01754
1	58	-1.99707	0.999246	0.0245303	0.00171894	1.13793
1	59	-1.99784	0.999449	0.0191382	0.00129417	1.13559
1	60	-1.99792	0.999479	0.0163889	0.00102431	1.1
1	61	-1.9977	0.999426	0.0191131	0.00119457	1.01639
1	62	-1.99778	0.999435	0.0161629	0.00110302	1.12903
1	63	-1.99575	0.998889	0.0309952	0.00215168	1.52381
1	64	-1.99754	0.999375	0.0179663	0.00117187	0.9375
1	65	-1.99719	0.999288	0.0496947	0.00315148	0.876923
1	66	-1.99644	0.999072	0.0257759	0.00184171	1.30303
1	67	-1.99616	0.999011	0.0305458	0.00205502	1.28358
1	68	-1.99691	0.999228	0.025917	0.00161981	1.26471
1	69	-1.99746	0.999348	0.0195631	0.00134846	0.985507
1	70	-1.99839	0.999589	0.0137245	0.000908673	1.2
1	71	-1.99775	0.999437	0.0177901	0.00111188	0.887324
1	72	-1.99847	0.999618	0.00848765	0.000530478	0.708333
1	73	-1.99699	0.999229	0.0158792	0.00107056	1.19178
1	74	-1.99666	0.999155	0.0265614	0.00169649	1.45946
1	75	-1.99693	0.999233	0.0169529	0.00105956	0.986667
1	76	-1.99655	0.999062	0.0281492	0.00237664	1.17105
1	77	-1.9974	0.999351	0.0182965	0.00114353	1.15584
1	78	-1.99596	0.99899	0.0328797	0.00205498	1.25641
1	79	-1.99747	0.999367	0.0180997	0.00113123	1.08861
1	80	-1.99697	0.999234	0.0264234	0.00171836	1.225
1	81	-1.99664	0.999136	0.024731	0.00164457	0.962963
1	82	-1.99744	0.99936	0.0158477	0.000990482	1.14634
1	83	-1.99642	0.999081	0.0222151	0.0015111	1.31325
1	84	-1.99711	0.999271	0.0158319	0.00102431	1.04762
1	85	-1.99718	0.999294	0.0201855	0.00126159	1.30588
1	86	-1.99715	0.999273	0.0209681	0.00142239	1.27907
1	87	-1.99701	0.999253	0.0215722	0.00134826	1.14943
1	88	-1.99753	0.999375	0.0148851	0.000965909	1.11364
1	89	-1.99764	0.99941	0.0135639	0.000847746	1.06742
1	90	-1.99736	0.999306	0.0245247	0.00195062	1.18889
1	91	-1.99709	0.999245	0.0273107	0.00191644	1.13187
1	92	-1.99723	0.99928	0.0296645	0.00213227	1.17391
1	93	-1.99685	0.999194	0.0257856	0.00175512	1.09677
1	94	-1.99726	0.999255	0.0174615	0.00139995	1.14894
1	95	-1.99761	0.999382	0.0191402	0.0014144	1.07368
1	96	-1.99792	0.999479	0.0163889	0.00102431	0.9375
1	97	-1.99791	0.999472	0.0149857	0.000970879	1.10309
1	98	-1.99579	0.998903	0.0366524	0.0026666	1.5
1	99	-1.99669	0.999167	0.0254199	0.00161616	1.21212
1	100	-1.99713	0.999262	0.021475	0.00145475	0.97
1	101	-1.99814	0.999505	0.0171591	0.00129105	0.891089
1	102	-1.99645	0.999093	0.0389091	0.00260573	1.39216
1	103	-1.99684	0.999199	0.0203808	0.00135215	1.23301
1	104	-1.99851	0.999627	0.0122152	0.000763452	0.807692
1	105	-1.99679	0.999167	0.0290884	0.00212698	1.27619
1	106	-1.99755	0.999363	0.0205625	0.00147383	1.13208
1	107	-1.9971	0.999264	0.0237663	0.0015866	1.13084
1	108	-1.99671	0.999178	0.026046	0.00162787	1.2037
1	109	-1.99798	0.999495	0.0162343	0.00101465	0.954128
1	110	-1.99711	0.999273	0.0202157	0.00129008	1.29091
1	111	-1.99755	0.999381	0.0167535	0.0010754	0.81982
1	112	-1.99739	0.99933	0.0225694	0.00151467	1.08929
1	113	-1.99777	0.999436	0.0179403	0.00115005	0.938053
1	114	-1.99673	0.999167	0.0228293	0.00152047	1.17544
1	115	-1.99654	0.999109	0.0254926	0.0017724	1.32174
1	116	-1.99687	0.999192	0.0261853	0.0017782	1.14655
1	117	-1.9969	0.99922	0.0199401	0.00127036	1.18803
1	118	-1.9968	0.999174	0.0260823	0.001789	1.16102
1	119	-1.99685	0.999191	0.0291533	0.00195749	1.15966
1	120	-1.99783	0.999458	0.0178222	0.00111389	1.03333
1	121	-1.99647	0.999112	0.0310197	0.00196025	1.21488
1	122	-1.99723	0.999252	0.0320996	0.00252704	1.01639
1	123	-1.99746	0.99936	0.0222738	0.00143764	1.02439
1	124	-1.99681	0.999194	0.0265062	0.00174168	1.41935
1	125	-1.9972	0.99929	0.019296	0.00125344	1.128
1	126	-1.99792	0.999454	0.0191667	0.00136889	1.11111
1	127	-1.99866	0.999665	0.00910162	0.000568851	0.724409
1	128	-1.99701	0.999238	0.0231342	0.00153259	1.0625
1	129	-1.99659	0.999128	0.0271222	0.0018839	1.23256
1	130	-1.99788	0.999462	0.0176095	0.00115148	0.992308
1	131	-1.99763	0.999408	0.0209638	0.00131024	0.877863
1	132	-1.9972	0.99929	0.0233379	0.00152247	1.04545
1	133	-1.99703	0.999258	0.0186692	0.00116683	1.03008
1	134	-1.99674	0.99916	0.0245116	0.00167075	1.07463
1	135	-1.99778	0.999426	0.0181728	0.00125048	0.992593
1	136	-1.99618	0.999017	0.0257266	0.00177971	1.11765
1	137	-1.99752	0.99937	0.0212403	0.00139139	1.05109
1	138	-1.99679	0.999194	0.0256506	0.00162321	1.21739
1	139	-1.9986	0.999649	0.0092252	0.000576575	0.913669
1	140	-1.99732	0.999321	0.0238061	0.00154898	1.08571
1	141	-1.99734	0.999326	0.0200302	0.00129495	1.00709
1	142	-1.99734	0.999331	0.0239739	0.00153739	1.07042
1	143	-1.99701	0.999248	0.018218	0.00115874	1.13287
1	144	-1.99757	0.999375	0.0187423	0.00135417	1.15278
1	145	-1.99745	0.999362	0.0215819	0.00134887	0.993103
1	146	-1.99738	0.999332	0.0177167	0.00117001	1.08219
1	147	-1.99704	0.999252	0.025581	0.00168911	1.34694
1	148	-1.99796	0.999485	0.0163564	0.0010449	1.07432
1	149	-1.99789	0.999471	0.0162047	0.00101279	0.939597
1	150	-1.99752	0.999375	0.0205996	0.001325	1.21333
1	151	-1.99702	0.999205	0.0210219	0.00170475	1.27152
1	152	-1.99696	0.999219	0.0199892	0.00140831	1.07895
1	153	-1.99668	0.999109	0.0299124	0.00234226	1.20261
1	154	-1.99791	0.999472	0.0185027	0.00119424	1.01299
1	155	-1.99782	0.999435	0.0182851	0.00129657	1.05806
1	156	-1.99612	0.999022	0.028884	0.00186843	1.42308
1	157	-1.99744	0.999355	0.0180827	0.00116577	1.11465
1	158	-1.99763	0.999399	0.0256706	0.00173169	1.12025
1	159	-1.99682	0.999182	0.0238598	0.00163482	1.2327
1	160	-1.99716	0.999281	0.0231859	0.00151719	1.125
1	161	-1.9975	0.999356	0.0196273	0.00136974	1.15528
1	162	-1.99772	0.999429	0.0163451	0.00102157	1.04321
1	163	-1.99718	0.999279	0.0260303	0.00177594	1.23926
1	164	-1.99741	0.999345	0.0196208	0.00126376	1.19512
1	165	-1.99685	0.999205	0.0254421	0.00166942	1.09697
1	166	-1.99628	0.999059	0.0337034	0.00218183	1.50602
1	167	-1.99642	0.999087	0.0261652	0.00174961	1.31737
1	168	-1.99762	0.99939	0.0198583	0.00136869	1.08333
1	169	-1.99749	0.999364	0.0165085	0.00106859	1.04142
1	170	-1.99704	0.999228	0.023491	0.00173746	1.29412
1	171	-1.99724	0.999298	0.0209418	0.00137581	1.25146
1	172	-1.99706	0.999259	0.023533	0.0015336	1.11628
1	173	-1.99708	0.999263	0.0211641	0.00138528	1.11561
1	174	-1.99685	0.999203	0.0273197	0.00181307	1.2069
1	175	-1.99681	0.999193	0.0216477	0.00140049	1.2
1	176	-1.99778	0.999446	0.0185072	0.0011567	1.03409
1	177	-1.99727	0.999301	0.0217262	0.00154841	1.15254
1	178	-1.99617	0.998996	0.0273201	0.00208031	1.41573
1	179	-1.99718	0.999288	0.0249187	0.00159046	1.36313
1	180	-1.99721	0.999299	0.0255861	0.00161566	1.09444
1	181	-1.99688	0.999192	0.025625	0.00184213	1.14917
1	182	-1.99696	0.999231	0.0236617	0.00155325	1.21429
1	183	-1.99663	0.999139	0.0358261	0.00242139	1.27869
1	184	-1.99677	0.999171	0.0310952	0.00210746	1.21196
1	185	-1.99726	0.999304	0.017527	0.00115749	1.16216
1	186	-1.99665	0.999153	0.0293366	0.00194416	1.2957
1	187	-1.99734	0.999325	0.0269107	0.00174397	1.09091
1	188	-1.99693	0.999189	0.0254875	0.00189933	1.19149
1	189	-1.99657	0.999114	0.0327023	0.00220892	1.37566
1	190	-1.9973	0.999322	0.0202008	0.00127846	1.16842
1	191	-1.99766	0.999404	0.0175522	0.00114717	0.984293
1	192	-1.9974	0.999336	0.0187326	0.00124756	1.01042
1	193	-1.99671	0.999171	0.0271358	0.00172421	1.3886
1	194	-1.99764	0.999407	0.0233184	0.00149963	1.10309
1	195	-1.99697	0.999231	0.022481	0.00148915	1.30256
1	196	-1.99758	0.999381	0.0220314	0.00144126	0.959184
1	197	-1.99711	0.999258	0.0220366	0.00151666	1.22843
1	198	-1.99725	0.99928	0.0168677	0.00134298	1.19192
1	199	-1.99714	0.999265	0.0261695	0.00178657	1.34673
1	200	-1.99743	0.999344	0.024391	0.00159844	1.12
1	201	-1.9979	0.999465	0.0157664	0.00103488	0.99005
1	202	-1.9972	0.999282	0.0249083	0.00174983	1.10891
1	203	-1.99701	0.999236	0.020991	0.00138246	1.15271
1	204	-1.99706	0.999246	0.0241003	0.00162792	1.15686
1	205	-1.99783	0.999451	0.017729	0.00115229	0.921951
1	206	-1.99737	0.999326	0.0208938	0.00147074	1.08738
1	207	-1.99726	0.999312	0.0245443	0.0015606	1.05314
1	208	-1.9978	0.999441	0.0200959	0.00131512	0.990385
1	209	-1.99764	0.999402	0.0188187	0.00122193	1.11962
1	210	-1.99685	0.99919	0.0234569	0.00161814	1.38095
1	211	-1.99691	0.999218	0.0261683	0.00169931	1.12322
1	212	-1.99644	0.999086	0.0266883	0.00183578	1.33962
1	213	-1.99772	0.999431	0.0189345	0.00118341	1.0892
1	214	-1.99685	0.9992	0.0270722	0.00176746	1.21963
1	215	-1.99692	0.999209	0.0240173	0.00165084	1.24651
1	216	-1.9976	0.999387	0.016603	0.0011109	0.953704
1	217	-1.99696	0.999222	0.0240009	0.0015785	1.18433
1	218	-1.99736	0.999335	0.0186853	0.00119582	1.08257
1	219	-1.99721	0.999292	0.0186368	0.00123048	1.26484
1	220	-1.99714	0.999261	0.022243	0.00153616	1.16364
1	221	-1.99698	0.999225	0.0287975	0.00196914	1.23982
1	222	-1.99726	0.999307	0.0166222	0.00109067	1.2027
1	223	-1.99735	0.999333	0.023688	0.00154145	1.14798
1	224	-1.99705	0.999247	0.0233418	0.00158079	1.23214
1	225	-1.99679	0.999183	0.019102	0.00125511	1.09778
1	226	-1.99744	0.999342	0.0187119	0.00130908	1.23009
1	227	-1.99793	0.999471	0.0193965	0.00129296	0.951542
1	228	-1.99724	0.999287	0.0241874	0.00166532	1.00877
1	229	-1.99743	0.99935	0.0208665	0.00136639	1.0917
1	230	-1.99759	0.999391	0.0210314	0.00136371	0.991304
1	231	-1.99694	0.999215	0.0243417	0.00162319	1.17749
1	232	-1.99728	0.999316	0.023805	0.0015461	1.19828
1	233	-1.99675	0.999168	0.0213292	0.00145803	1.29614
1	234	-1.99723	0.999306	0.0226636	0.00142925	1.30769
1	235	-1.99752	0.999356	0.0232333	0.00168828	1.1234
1	236	-1.99724	0.999285	0.0230657	0.00162898	1.16102
1	237	-1.99688	0.999193	0.0292959	0.00209101	1.173
1	238	-1.99737	0.999322	0.0245964	0.00167101	1.09244
1	239	-1.99698	0.999226	0.0263406	0.00182376	1.15481
1	240	-1.99743	0.999344	0.0181165	0.00120677	1.02083
1	241	-1.99723	0.999289	0.0232031	0.00156764	1.24481
1	242	-1.99679	0.999189	0.0249308	0.00162339	1.19421
1	243	-1.99722	0.99927	0.0239506	0.00171832	1.19342
1	244	-1.9972	0.999293	0.0279325	0.00184376	1.11885
1	245	-1.99654	0.999117	0.0278341	0.00188613	1.25714
1	246	-1.99688	0.999207	0.0252794	0.00167757	1.28049
1	247	-1.99762	0.999398	0.0214339	0.00141364	0.983806
1	248	-1.99695	0.999214	0.0272098	0.00183338	1.17742
1	249	-1.99686	0.999192	0.0252028	0.00169578	1.24498
1	250	-1.99741	0.999345	0.021387	0.00138356	1.144
1	251	-1.99675	0.999178	0.0307008	0.00205711	1.25498
1	252	-1.99736	0.999325	0.0239374	0.00161313	1.07937
1	253	-1.99728	0.999313	0.0197663	0.00129083	1.05929
1	254	-1.99734	0.999316	0.0201965	0.00140682	1.09843
1	255	-1.99745	0.999348	0.0208197	0.00140815	1.21569
