1	1	-2	1	0	0	0
1	2	-2	1	0	0	0
1	3	-2	1	0	0	0
1	4	-2	1	0	0	0
1	5	-1.996	0.999	0.0256	0.0016	0.8
1	6	-2	1	0	0	0
1	7	-1.97429	0.993571	0.0326531	0.00204082	1.57143
1	8	-2	1	0	0	0
1	9	-1.99556	0.998889	0.0276543	0.0017284	0.222222
1	10	-2	1	0	0	0
1	11	-1.99273	0.998182	0.0370248	0.00231405	0.545455
1	12	-2	1	0	0	0.166667
1	13	-1.99846	0.999615	0.0113609	0.000710059	0.153846
1	14	-1.99357	0.998214	0.0434694	0.00372449	0.714286
1	15	-1.996	0.999	0.0256	0.0016	0.8
1	16	-2	1	0	0	0
1	17	-1.99882	0.999706	0.00885813	0.000553633	0.235294
1	18	-1.99889	0.999722	0.00839506	0.000524691	0.333333
1	19	-1.99158	0.997895	0.0558449	0.0034903	0.526316
1	20	-2	1	0	0	0.1
1	21	-1.99714	0.999286	0.0195918	0.00122449	0.285714
1	22	-1.99545	0.998864	0.0280992	0.0017562	0.318182
1	23	-1.99478	0.998696	0.0308507	0.00192817	0.26087
1	24	-1.995	0.99875	0.0566667	0.00354167	0.333333
1	25	-1.9992	0.9998	0.006144	0.000384	0.16
1	26	-1.99923	0.999808	0.00591716	0.000369822	0.230769
1	27	-1.99852	0.99963	0.0109739	0.000685871	0.222222
1	28	-1.99786	0.999464	0.0153061	0.000956633	0.214286
1	29	-1.99862	0.999655	0.021308	0.00133175	0.275862
1	30	-1.998	0.9995	0.0144	0.0009	0.533333
1	31	-1.99161	0.997903	0.049282	0.00308012	0.645161
1	32	-2	1	0	0	0.1875
1	33	-1.99939	0.999848	0.00470156	0.000293848	0.181818
1	34	-1.99294	0.997941	0.0647751	0.00653979	0.617647
1	35	-1.99771	0.999429	0.0161959	0.00101224	0.228571
1	36	-1.99944	0.999861	0.00432099	0.000270062	0.111111
1	37	-1.9973	0.999324	0.0186998	0.00116874	0.324324
1	38	-1.995	0.998684	0.0415789	0.00299169	0.473684
1	39	-1.9959	0.998974	0.0260881	0.00163051	0.25641
1	40	-1.9975	0.999375	0.0175	0.00109375	0.35
1	41	-1.99902	0.999756	0.00742415	0.00046401	0.243902
1	42	-1.99857	0.999643	0.0106122	0.000663265	0.142857
1	43	-1.99674	0.999186	0.0218064	0.0013629	0.186047
1	44	-1.995	0.99875	0.0372727	0.00232955	0.5
1	45	-1.99867	0.999667	0.00995556	0.000622222	0.133333
1	46	-1.99739	0.999348	0.0181474	0.00113422	0.369565
1	47	-1.99787	0.999468	0.0152105	0.000950656	0.340426
1	48	-1.99667	0.999167	0.0288889	0.00180556	0.375
1	49	-1.99918	0.999796	0.00626406	0.000391504	0.204082
1	50	-1.9972	0.9993	0.019264	0.001204	0.22
1	51	-1.99686	0.999216	0.0211611	0.00132257	0.313725
1	52	-1.99846	0.999615	0.0113609	0.000710059	0.230769
1	53	-1.99585	0.998962	0.0383909	0.00239943	0.377358
1	54	-1.99796	0.999444	0.0168587	0.00135802	0.166667
1	55	-1.99745	0.999364	0.0235901	0.00147438	0.218182
1	56	-1.99929	0.999821	0.0055102	0.000344388	0.214286
1	57	-1.99895	0.999737	0.00797784	0.000498615	0.245614
1	58	-1.99862	0.999655	0.0102735	0.000642093	0.241379
1	59	-1.99898	0.999746	0.00772192	0.00048262	0.135593
1	60	-1.999	0.99975	0.0076	0.000475	0.1
1	61	-1.99672	0.99918	0.0219296	0.0013706	0.196721
1	62	-1.99871	0.999677	0.0148179	0.000926119	0.193548
1	63	-1.9981	0.999524	0.0188662	0.00117914	0.253968
1	64	-1.99906	0.999766	0.00714844	0.000446777	0.28125
1	65	-1.99569	0.998923	0.0368852	0.00230533	0.338462
1	66	-1.99879	0.999697	0.00910927	0.00056933	0.212121
1	67	-1.99821	0.999552	0.0130452	0.000815326	0.208955
1	68	-1.99471	0.998529	0.0382007	0.0032526	0.352941
1	69	-1.99725	0.999275	0.0207351	0.00152909	0.318841
1	70	-1.99486	0.998714	0.0305633	0.0019102	0.4
1	71	-1.99803	0.999507	0.0142194	0.000888713	0.253521
1	72	-1.99778	0.999444	0.0158025	0.000987654	0.236111
1	73	-1.99781	0.999452	0.0243798	0.00152374	0.219178
1	74	-1.99703	0.999257	0.0202484	0.00126552	0.27027
1	75	-1.9984	0.9996	0.011776	0.000736	0.213333
1	76	-1.99789	0.999474	0.0150693	0.000941828	0.236842
1	77	-1.99662	0.999156	0.0224524	0.00140327	0.155844
1	78	-1.99487	0.998654	0.0499934	0.00376233	0.435897
1	79	-1.99658	0.999114	0.0282391	0.00196443	0.329114
1	80	-1.995	0.99875	0.042	0.002625	0.4
1	81	-1.99704	0.999259	0.020192	0.001262	0.246914
1	82	-1.99585	0.998963	0.0653183	0.00408239	0.341463
1	83	-1.99639	0.999096	0.0236899	0.00148062	0.457831
1	84	-1.99667	0.999167	0.0260317	0.00162698	0.404762
1	85	-1.99741	0.999353	0.0180263	0.00112664	0.258824
1	86	-1.9993	0.999826	0.0053867	0.000336668	0.0697674
1	87	-1.99908	0.99977	0.0070181	0.000438631	0.16092
1	88	-1.99682	0.999205	0.0286777	0.00179236	0.363636
1	89	-1.99685	0.999213	0.0248049	0.00155031	0.337079
1	90	-1.99867	0.999667	0.00995556	0.000622222	0.177778
1	91	-1.9967	0.999176	0.0290593	0.00181621	0.285714
1	92	-1.99739	0.999348	0.0216257	0.00135161	0.358696
1	93	-1.99785	0.999462	0.0187952	0.0011747	0.27957
1	94	-1.99894	0.999734	0.00805794	0.000503622	0.170213
1	95	-1.99726	0.999316	0.0188986	0.00118116	0.231579
1	96	-1.99771	0.999427	0.019566	0.00122287	0.354167
1	97	-1.99598	0.998918	0.0335339	0.00272718	0.371134
1	98	-1.99684	0.999184	0.032324	0.00218242	0.306122
1	99	-1.99606	0.99899	0.0329844	0.00221814	0.323232
1	100	-1.9954	0.99885	0.028336	0.001771	0.4
1	101	-1.99535	0.998812	0.0360906	0.00240565	0.455446
1	102	-1.99843	0.999608	0.0115648	0.000722799	0.333333
1	103	-1.99728	0.99932	0.0218984	0.00136865	0.203883
1	104	-1.99712	0.999231	0.0220562	0.00168639	0.230769
1	105	-1.99676	0.99919	0.0278059	0.00173787	0.285714
1	106	-1.99736	0.99934	0.0213599	0.00133499	0.207547
1	107	-1.99757	0.999393	0.0260494	0.00162809	0.271028
1	108	-1.99731	0.999306	0.0226715	0.00156636	0.314815
1	109	-1.99761	0.999404	0.0197424	0.0012339	0.256881
1	110	-1.99909	0.999773	0.00694215	0.000433884	0.154545
1	111	-1.99739	0.999324	0.0192517	0.00134892	0.216216
1	112	-1.99589	0.998884	0.0303954	0.00244818	0.5
1	113	-1.99858	0.999646	0.0105255	0.000657843	0.212389
1	114	-1.99789	0.999474	0.0150693	0.000941828	0.210526
1	115	-1.99765	0.999391	0.0176212	0.0012431	0.26087
1	116	-1.99603	0.999009	0.025434	0.00158963	0.396552
1	117	-1.99709	0.999274	0.022605	0.00141281	0.34188
1	118	-1.99686	0.999195	0.0248808	0.00168989	0.322034
1	119	-1.99714	0.999286	0.0222809	0.00139256	0.319328
1	120	-1.99592	0.998958	0.0349972	0.00231597	0.266667
1	121	-1.99702	0.999256	0.0229055	0.0014316	0.363636
1	122	-1.9973	0.999262	0.0216635	0.00174953	0.418033
1	123	-1.99561	0.998902	0.0404204	0.00252627	0.390244
1	124	-1.9975	0.999355	0.023629	0.0016077	0.233871
1	125	-1.99712	0.99928	0.0222822	0.00139264	0.352
1	126	-1.99611	0.999008	0.0336332	0.00222537	0.325397
1	127	-1.99654	0.999134	0.0254349	0.00158968	0.299213
1	128	-1.99562	0.998906	0.0323437	0.00202148	0.390625
1	129	-1.99752	0.99938	0.0198642	0.00124151	0.348837
1	130	-1.99654	0.999115	0.0348994	0.00237929	0.384615
1	131	-1.99817	0.999542	0.0133139	0.000832119	0.259542
1	132	-1.99909	0.999773	0.00694215	0.000433884	0.136364
1	133	-1.99865	0.999662	0.0125004	0.000781276	0.172932
1	134	-1.99246	0.998097	0.0611562	0.00399922	0.432836
1	135	-1.998	0.999481	0.0152889	0.00107764	0.17037
1	136	-1.99721	0.999301	0.021583	0.00134894	0.264706
1	137	-1.99803	0.999489	0.0150887	0.00106346	0.218978
1	138	-1.99616	0.999022	0.0303319	0.00200851	0.42029
1	139	-1.99784	0.99946	0.0154029	0.000962683	0.345324
1	140	-1.99693	0.999214	0.0216551	0.00146735	0.371429
1	141	-1.99723	0.999291	0.026727	0.00178462	0.312057
1	142	-1.99739	0.999331	0.025735	0.00172238	0.239437
1	143	-1.9965	0.999126	0.0297951	0.00186219	0.265734
1	144	-1.99792	0.999444	0.0215972	0.0016821	0.277778
1	145	-1.99628	0.999069	0.0352799	0.00220499	0.303448
1	146	-1.99527	0.998767	0.0412029	0.00295365	0.342466
1	147	-1.99748	0.999354	0.022772	0.00153362	0.340136
1	148	-1.9973	0.999324	0.0208619	0.00130387	0.283784
1	149	-1.99745	0.999362	0.0220963	0.00138102	0.295302
1	150	-1.99673	0.999167	0.0247982	0.00165556	0.346667
1	151	-1.99775	0.999437	0.0223429	0.00139643	0.225166
1	152	-1.99724	0.999309	0.0190512	0.0011907	0.276316
1	153	-1.99778	0.999444	0.017894	0.00111837	0.287582
1	154	-1.99753	0.999383	0.0173048	0.00108155	0.272727
1	155	-1.99768	0.999419	0.0164229	0.00102643	0.322581
1	156	-1.99571	0.998878	0.0421088	0.00302227	0.346154
1	157	-1.99701	0.999236	0.0211286	0.00142237	0.350318
1	158	-1.9962	0.999051	0.0306874	0.00191796	0.341772
1	159	-1.99623	0.999057	0.0285179	0.00178237	0.389937
1	160	-1.99713	0.999281	0.0216937	0.00135586	0.275
1	161	-1.99689	0.999224	0.0209868	0.00131168	0.310559
1	162	-1.9963	0.999074	0.026118	0.00163237	0.308642
1	163	-1.99509	0.998773	0.0355181	0.00221988	0.392638
1	164	-1.99823	0.999543	0.0155785	0.00107488	0.292683
1	165	-1.9963	0.999061	0.0306542	0.00201065	0.339394
1	166	-1.99789	0.999458	0.0177399	0.00120772	0.289157
1	167	-1.99701	0.999251	0.0280311	0.00175195	0.215569
1	168	-1.99738	0.999315	0.0196372	0.00141971	0.27381
1	169	-1.99604	0.998994	0.0356066	0.00231715	0.331361
1	170	-1.99665	0.999088	0.0258561	0.00207924	0.205882
1	171	-1.99784	0.999444	0.016139	0.00110461	0.233918
1	172	-1.99709	0.999244	0.0296431	0.00209708	0.395349
1	173	-1.99671	0.999162	0.0245595	0.00162652	0.369942
1	174	-1.99799	0.999483	0.0151632	0.00104241	0.241379
1	175	-1.99697	0.999229	0.0239882	0.00164767	0.251429
1	176	-1.99693	0.999233	0.031689	0.00198057	0.284091
1	177	-1.99571	0.998898	0.0346593	0.00239586	0.316384
1	178	-1.99713	0.99927	0.0203118	0.00135968	0.325843
1	179	-1.99654	0.999134	0.0300615	0.00187884	0.234637
1	180	-1.995	0.998722	0.042	0.00279136	0.388889
1	181	-1.9953	0.998812	0.0347144	0.00225329	0.331492
1	182	-1.99703	0.999258	0.0219732	0.00137332	0.252747
1	183	-1.9965	0.999126	0.0335776	0.0020986	0.240437
1	184	-1.99647	0.999103	0.0256604	0.00168921	0.315217
1	185	-1.99719	0.99927	0.024083	0.00167889	0.281081
1	186	-1.99737	0.999328	0.0223852	0.00148601	0.27957
1	187	-1.99647	0.999091	0.0296697	0.00202236	0.294118
1	188	-1.99686	0.999176	0.0315923	0.00233448	0.303191
1	189	-1.9981	0.999524	0.0137868	0.000861678	0.232804
1	190	-1.99784	0.999421	0.0210848	0.00176066	0.221053
1	191	-1.99827	0.999555	0.0149316	0.00102026	0.240838
1	192	-1.99687	0.999219	0.0227604	0.00142253	0.291667
1	193	-1.99689	0.999223	0.0226626	0.00141641	0.321244
1	194	-1.99845	0.999588	0.0126517	0.000962908	0.206186
1	195	-1.99759	0.999385	0.0208558	0.00138698	0.348718
1	196	-1.99832	0.999566	0.0129477	0.000894159	0.193878
1	197	-1.99787	0.999442	0.016456	0.00119508	0.213198
1	198	-1.99576	0.998939	0.0348209	0.00217631	0.338384
1	199	-1.99729	0.999296	0.0199692	0.00141007	0.271357
1	200	-1.9972	0.999275	0.022464	0.00163975	0.33
1	201	-1.99786	0.999453	0.0174728	0.00117373	0.278607
1	202	-1.99673	0.999158	0.0293932	0.00199392	0.346535
1	203	-1.99793	0.999483	0.0148395	0.000927467	0.325123
1	204	-1.9973	0.999289	0.0219944	0.00161164	0.254902
1	205	-1.99649	0.999098	0.027456	0.00186936	0.370732
1	206	-1.99874	0.999684	0.00945989	0.000591243	0.184466
1	207	-1.99792	0.999469	0.015472	0.00104647	0.270531
1	208	-1.99721	0.999303	0.0207359	0.001296	0.230769
1	209	-1.99708	0.999234	0.0231954	0.00167945	0.392344
1	210	-1.9981	0.999524	0.0153107	0.000956916	0.247619
1	211	-1.99659	0.999123	0.0336363	0.00229914	0.293839
1	212	-1.99679	0.999198	0.0230545	0.0014409	0.301887
1	213	-1.99681	0.999202	0.0259702	0.00162313	0.319249
1	214	-1.99668	0.999159	0.0271858	0.00177308	0.266355
1	215	-1.99707	0.999209	0.0250306	0.00198248	0.274419
1	216	-1.99769	0.999421	0.0178567	0.00111604	0.287037
1	217	-1.99664	0.999124	0.0244133	0.00181316	0.24424
1	218	-1.99807	0.999518	0.0139281	0.000870508	0.220183
1	219	-1.9979	0.999429	0.0194224	0.00155918	0.26484
1	220	-1.99718	0.999273	0.0248231	0.00169752	0.3
1	221	-1.99638	0.99905	0.0305956	0.00226326	0.334842
1	222	-1.99464	0.998626	0.0438219	0.00298373	0.396396
1	223	-1.99691	0.999215	0.0228969	0.00150254	0.304933
1	224	-1.99661	0.999152	0.0253954	0.00158721	0.294643
1	225	-1.99853	0.999622	0.0135396	0.000965136	0.222222
1	226	-1.99726	0.999292	0.0256622	0.00174642	0.318584
1	227	-1.99617	0.999031	0.0323624	0.00209125	0.370044
1	228	-1.99759	0.999386	0.0174969	0.00116497	0.236842
1	229	-1.99755	0.999389	0.0199661	0.00124788	0.222707
1	230	-1.99752	0.99937	0.022065	0.00144972	0.313043
1	231	-1.99615	0.999004	0.0333697	0.00237402	0.363636
1	232	-1.99655	0.999116	0.0321403	0.00214458	0.301724
1	233	-1.99785	0.999464	0.0180722	0.00112951	0.214592
1	234	-1.99675	0.999167	0.0255241	0.00173077	0.277778
1	235	-1.99723	0.999298	0.0223015	0.00146238	0.246809
1	236	-1.99665	0.999131	0.0285687	0.00202869	0.330508
1	237	-1.99586	0.998966	0.0329919	0.00206199	0.35443
1	238	-1.99773	0.999433	0.0214702	0.00134189	0.243697
1	239	-1.99766	0.999393	0.0232433	0.00165193	0.305439
1	240	-1.99787	0.999458	0.0156938	0.00104931	0.2
1	241	-1.99618	0.999046	0.0326771	0.00204232	0.273859
1	242	-1.99756	0.99938	0.0176224	0.00116864	0.272727
1	243	-1.99609	0.999012	0.0375078	0.00240817	0.320988
1	244	-1.99746	0.999365	0.0190567	0.00119104	0.245902
1	245	-1.998	0.99949	0.0181551	0.00124282	0.244898
1	246	-1.99728	0.999309	0.0264637	0.0017602	0.268293
1	247	-1.99733	0.999332	0.0198161	0.00123851	0.234818
1	248	-1.99609	0.998992	0.0298485	0.00209352	0.362903
1	249	-1.99759	0.999398	0.0169546	0.00105966	0.257028
1	250	-1.99776	0.99944	0.018473	0.00115456	0.256
1	251	-1.99673	0.999163	0.0279221	0.0018714	0.286853
1	252	-1.99702	0.999226	0.0274093	0.00194303	0.242063
1	253	-1.99723	0.999289	0.0225506	0.00153666	0.280632
1	254	-1.99701	0.999252	0.0228756	0.00142972	0.283465
1	255	-1.99686	0.999196	0.0308866	0.00205521	0.345098
1	256	-1.99648	0.999102	0.0291187	0.00194275	0.273438
1	257	-1.99767	0.999397	0.0174307	0.00121637	0.233463
1	258	-1.99829	0.999574	0.01248	0.000780001	0.147287
1	259	-1.99784	0.999459	0.0154273	0.000964207	0.247104
1	260	-1.99715	0.999288	0.0269136	0.0016821	0.276923
1	261	-1.9982	0.99954	0.0147949	0.000988242	0.199234
1	262	-1.99695	0.999237	0.0243622	0.00152264	0.343511
1	263	-1.99635	0.999068	0.0296514	0.00197227	0.361217
1	264	-1.99689	0.999186	0.0312925	0.00219683	0.287879
1	265	-1.9977	0.999415	0.0203711	0.00133485	0.241509
1	266	-1.99744	0.999361	0.0202431	0.00126519	0.270677
1	267	-1.99858	0.999644	0.011774	0.000735878	0.194757
1	268	-1.99687	0.999198	0.0315928	0.00216794	0.276119
1	269	-1.99814	0.999517	0.0158671	0.00117052	0.260223
1	270	-1.99596	0.998963	0.036592	0.00245871	0.377778
1	271	-1.9976	0.999373	0.0193963	0.00139241	0.365314
1	272	-1.99794	0.999485	0.0159516	0.000996972	0.191176
1	273	-1.99725	0.999304	0.0205708	0.00134471	0.263736
1	274	-1.99624	0.999051	0.0330337	0.00212158	0.313869
1	275	-1.99702	0.999236	0.0211708	0.00143947	0.283636
1	276	-1.99696	0.999239	0.024121	0.00150756	0.297101
1	277	-1.99733	0.999332	0.0208276	0.00130172	0.245487
1	278	-1.99619	0.999029	0.0364867	0.00242845	0.309353
1	279	-1.99588	0.998943	0.034351	0.00238435	0.358423
1	280	-1.99804	0.9995	0.0157423	0.00104286	0.25
1	281	-1.99694	0.999217	0.0261466	0.0017477	0.355872
1	282	-1.99613	0.998989	0.0293431	0.00210917	0.347518
1	283	-1.99784	0.999452	0.0158094	0.00104609	0.233216
1	284	-1.99616	0.999014	0.0322768	0.00221682	0.359155
1	285	-1.99674	0.99914	0.0292846	0.00219563	0.273684
1	286	-1.99654	0.999126	0.0289134	0.00186219	0.255245
1	287	-1.99641	0.999077	0.0273219	0.00192378	0.285714
1	288	-1.9974	0.999323	0.0215929	0.00151801	0.298611
1	289	-1.99848	0.999619	0.01236	0.0007725	0.242215
1	290	-1.99697	0.999224	0.0225237	0.00151784	0.275862
1	291	-1.99708	0.999261	0.0247659	0.00160296	0.254296
1	292	-1.99555	0.998853	0.0408388	0.00279544	0.363014
1	293	-1.99662	0.99913	0.0269692	0.0018472	0.354949
1	294	-1.99592	0.998929	0.0325198	0.0025	0.394558
1	295	-1.99698	0.999237	0.0219863	0.00142833	0.250847
1	296	-1.99777	0.999443	0.0201735	0.00126084	0.25
1	297	-1.99774	0.999428	0.0185704	0.00121575	0.181818
1	298	-1.99738	0.999329	0.022226	0.00149768	0.255034
1	299	-1.99662	0.999147	0.0271415	0.0017492	0.341137
1	300	-1.9963	0.99905	0.0327907	0.00220567	0.286667
1	301	-1.99661	0.99912	0.0283635	0.00198232	0.33887
1	302	-1.99623	0.999007	0.0335055	0.00245296	0.417219
1	303	-1.99789	0.999455	0.0169613	0.00116851	0.244224
1	304	-1.99809	0.999523	0.0138071	0.000862946	0.217105
1	305	-1.99666	0.999148	0.0314608	0.00206998	0.354098
1	306	-1.99765	0.999412	0.0187005	0.00116878	0.254902
1	307	-1.9973	0.9993	0.0240469	0.0016605	0.28013
1	308	-1.99669	0.999123	0.0254832	0.0019004	0.331169
1	309	-1.99709	0.999272	0.02405	0.00150313	0.297735
1	310	-1.99748	0.999355	0.0224999	0.00151093	0.374194
1	311	-1.99633	0.999068	0.0257508	0.00171007	0.334405
1	312	-1.99676	0.999183	0.0251672	0.00162383	0.275641
1	313	-1.99613	0.999026	0.0294216	0.00188856	0.351438
1	314	-1.99691	0.99922	0.0243357	0.00157177	0.388535
1	315	-1.99619	0.999016	0.0401633	0.0027872	0.342857
1	316	-1.99674	0.999177	0.0298009	0.0019444	0.253165
1	317	-1.99672	0.999148	0.0305212	0.0021073	0.302839
1	318	-1.99733	0.999324	0.0199094	0.00129514	0.339623
1	319	-1.99696	0.999169	0.0257686	0.00226315	0.332288
1	320	-1.99697	0.999234	0.0249496	0.00160928	0.3625
1	321	-1.99586	0.998941	0.0391145	0.00266651	0.364486
1	322	-1.9963	0.999068	0.0284499	0.0018267	0.307453
1	323	-1.99737	0.999334	0.0206355	0.0013398	0.278638
1	324	-1.9975	0.999367	0.018858	0.00122876	0.283951
1	325	-1.99671	0.999169	0.0277874	0.00181624	0.335385
1	326	-1.99702	0.999233	0.0243114	0.0016666	0.312883
1	327	-1.99786	0.99945	0.0192068	0.00134669	0.244648
1	328	-1.99607	0.998963	0.0361299	0.00267995	0.353659
1	329	-1.99678	0.999195	0.0245408	0.0015338	0.297872
1	330	-1.99709	0.999273	0.0237664	0.0014854	0.315152
1	331	-1.99716	0.999275	0.0240852	0.0016024	0.223565
1	332	-1.9969	0.999202	0.0249452	0.00170299	0.301205
1	333	-1.99652	0.999099	0.0273383	0.00189757	0.288288
1	334	-1.99698	0.999237	0.0256836	0.00165307	0.269461
1	335	-1.99722	0.999299	0.0223501	0.00144495	0.298507
1	336	-1.99536	0.99881	0.0404252	0.00270692	0.482143
1	337	-1.99742	0.999347	0.0221413	0.0014319	0.243323
1	338	-1.99719	0.999275	0.023704	0.00165374	0.242604
1	339	-1.99584	0.998938	0.0335521	0.00226277	0.318584
1	340	-1.99759	0.999397	0.0244969	0.00153106	0.229412
1	341	-1.99721	0.999267	0.0221154	0.00166184	0.322581
1	342	-1.99684	0.999167	0.0252508	0.00185673	0.315789
1	343	-1.99717	0.999286	0.0216406	0.00139942	0.274052
1	344	-1.99814	0.999535	0.0144294	0.000901839	0.232558
1	345	-1.99748	0.999362	0.0216882	0.00140256	0.22029
1	346	-1.99728	0.999306	0.0204003	0.00136824	0.248555
1	347	-1.9964	0.999092	0.0276624	0.00177412	0.299712
1	348	-1.99667	0.999138	0.0245211	0.00171423	0.298851
1	349	-1.99673	0.999169	0.0298868	0.00201608	0.297994
1	350	-1.99829	0.999571	0.0143673	0.000897959	0.222857
1	351	-1.99704	0.999245	0.0236108	0.00156687	0.2849
1	352	-1.99673	0.999162	0.0258442	0.00179292	0.340909
1	353	-1.99768	0.999419	0.0182382	0.00113989	0.254958
1	354	-1.99684	0.999209	0.0276345	0.00172715	0.288136
1	355	-1.99668	0.999169	0.0257777	0.00161111	0.276056
1	356	-1.99553	0.998862	0.0368524	0.00248793	0.393258
1	357	-1.99686	0.999202	0.025867	0.00173387	0.313725
1	358	-1.99615	0.999036	0.0284698	0.00177936	0.287709
1	359	-1.99733	0.999331	0.0203152	0.0012697	0.345404
1	360	-1.99744	0.999361	0.0204988	0.00128117	0.247222
1	361	-1.99654	0.999127	0.028556	0.00182841	0.32687
1	362	-1.9963	0.999047	0.0334141	0.00231624	0.359116
1	363	-1.99669	0.99916	0.0244992	0.00161844	0.330579
1	364	-1.9961	0.998997	0.0321543	0.00220769	0.335165
1	365	-1.99699	0.999233	0.0255177	0.00168242	0.273973
1	366	-1.99683	0.999194	0.027676	0.00184396	0.308743
1	367	-1.99695	0.999223	0.0233046	0.00158439	0.337875
1	368	-1.99658	0.99909	0.0290064	0.00235874	0.320652
1	369	-1.99669	0.99916	0.0279311	0.00183151	0.336043
1	370	-1.99805	0.9995	0.0175123	0.00127838	0.248649
1	371	-1.99765	0.999407	0.0177465	0.00115314	0.253369
1	372	-1.9979	0.999476	0.016736	0.001046	0.27957
1	373	-1.99732	0.999316	0.0217898	0.00144844	0.252011
1	374	-1.99727	0.999305	0.0203403	0.00135749	0.31016
1	375	-1.99736	0.999333	0.0220655	0.00142222	0.234667
1	376	-1.99747	0.999348	0.0203189	0.00139932	0.265957
1	377	-1.99676	0.999178	0.0242461	0.00163936	0.307692
1	378	-1.99775	0.999431	0.0171308	0.00111398	0.243386
1	379	-1.99697	0.999235	0.0251299	0.00161277	0.258575
1	380	-1.99792	0.999474	0.0160607	0.00104709	0.271053
1	381	-1.99596	0.998924	0.0386093	0.00294886	0.346457
1	382	-1.99733	0.999332	0.0226978	0.00141862	0.267016
1	383	-1.99728	0.999308	0.0210715	0.0014012	0.261097
1	384	-1.99721	0.999284	0.0201234	0.0013834	0.322917
1	385	-1.99771	0.999416	0.0184816	0.00124001	0.233766
1	386	-1.99759	0.999391	0.0205796	0.00132842	0.238342
1	387	-1.99744	0.999354	0.0218785	0.00143514	0.284238
1	388	-1.99711	0.999278	0.0230588	0.00144117	0.309278
1	389	-1.99674	0.999152	0.0266876	0.00187152	0.354756
1	390	-1.99723	0.999295	0.0246249	0.00162163	0.297436
1	391	-1.99708	0.999271	0.0231982	0.00144989	0.322251
1	392	-1.99717	0.999286	0.0222009	0.00142857	0.255102
1	393	-1.99707	0.999249	0.0274146	0.00183569	0.300254
1	394	-1.99794	0.999467	0.0168881	0.00120616	0.233503
1	395	-1.99739	0.999329	0.0224954	0.0015668	0.298734
1	396	-1.99831	0.999558	0.0135014	0.00100774	0.186869
1	397	-1.99715	0.999282	0.0226535	0.00148151	0.312343
1	398	-1.99663	0.999146	0.0294356	0.00191914	0.271357
1	399	-1.99779	0.999436	0.0162999	0.00110087	0.22807
1	400	-1.9969	0.999213	0.022756	0.00152694	0.315
1	401	-1.99636	0.999077	0.0332013	0.0022031	0.349127
1	402	-1.99789	0.999465	0.0170176	0.00110449	0.233831
1	403	-1.99782	0.999454	0.0179438	0.00112149	0.258065
1	404	-1.99683	0.999196	0.0243015	0.00159758	0.262376
1	405	-1.99686	0.99921	0.0265852	0.00172559	0.338272
1	406	-1.9968	0.9992	0.0238792	0.00149245	0.391626
1	407	-1.99727	0.999312	0.0238553	0.00153059	0.280098
1	408	-1.99703	0.99924	0.024227	0.00163182	0.259804
1	409	-1.99692	0.99923	0.022414	0.00140088	0.305623
1	410	-1.99734	0.999305	0.0240021	0.00173355	0.24878
1	411	-1.99786	0.999465	0.0168524	0.00105327	0.248175
1	412	-1.99728	0.99932	0.020345	0.00127156	0.276699
1	413	-1.99646	0.999104	0.0323862	0.00210026	0.285714
1	414	-1.99601	0.998973	0.0323903	0.00221131	0.318841
1	415	-1.9979	0.999458	0.0158806	0.00111134	0.231325
1	416	-1.99808	0.999507	0.0144822	0.000984595	0.201923
1	417	-1.9977	0.999412	0.0176402	0.00118087	0.268585
1	418	-1.99763	0.999402	0.0192873	0.00124448	0.267943
1	419	-1.99768	0.999415	0.0174266	0.00112815	0.24821
1	420	-1.99776	0.999429	0.0183773	0.00125034	0.295238
1	421	-1.99715	0.999276	0.0231635	0.00152403	0.266033
1	422	-1.99784	0.999455	0.0171921	0.00111341	0.241706
1	423	-1.99742	0.99935	0.0189988	0.00122574	0.250591
1	424	-1.99743	0.999351	0.019715	0.00127041	0.259434
1	425	-1.99767	0.999412	0.019006	0.0012263	0.235294
1	426	-1.99674	0.999155	0.0281357	0.00196786	0.2723
1	427	-1.9974	0.999333	0.0211846	0.00143773	0.295082
1	428	-1.99717	0.999276	0.0217563	0.0014724	0.296729
1	429	-1.99767	0.999417	0.0194583	0.00121614	0.2331
1	430	-1.99742	0.999349	0.019009	0.00122574	0.267442
1	431	-1.99664	0.99913	0.0289762	0.00199418	0.301624
1	432	-1.99727	0.999317	0.0255341	0.00159588	0.291667
1	433	-1.99758	0.999388	0.0210197	0.00135133	0.286374
1	434	-1.99719	0.999297	0.0215396	0.00134623	0.281106
1	435	-1.99713	0.999276	0.0206971	0.00133048	0.331034
1	436	-1.99764	0.999404	0.0191438	0.0012339	0.247706
1	437	-1.99767	0.999416	0.0186904	0.00116815	0.263158
1	438	-1.99751	0.999372	0.0206278	0.00132634	0.280822
1	439	-1.99724	0.999294	0.0220182	0.00148619	0.273349
1	440	-1.99755	0.999364	0.0190446	0.00133802	0.281818
1	441	-1.99739	0.999342	0.0191394	0.00123292	0.251701
1	442	-1.99729	0.99931	0.0193141	0.00128012	0.239819
1	443	-1.99659	0.999142	0.0257815	0.00164699	0.325056
1	444	-1.99644	0.999077	0.0293491	0.00209135	0.36036
1	445	-1.99658	0.999124	0.026614	0.00180513	0.31236
1	446	-1.99682	0.999193	0.0248241	0.0016228	0.336323
1	447	-1.99658	0.999128	0.0306605	0.00202213	0.331096
1	448	-1.9965	0.999085	0.0348196	0.00247748	0.334821
1	449	-1.99802	0.999499	0.0159785	0.00103541	0.278396
1	450	-1.99689	0.999211	0.0251062	0.00163995	0.362222
1	451	-1.99752	0.999368	0.0204156	0.0013702	0.283814
1	452	-1.99622	0.998982	0.0304697	0.00268306	0.318584
1	453	-1.9974	0.999338	0.0239526	0.00159057	0.304636
1	454	-1.99771	0.999405	0.0216895	0.00157659	0.281938
1	455	-1.99736	0.999341	0.0183166	0.00114479	0.232967
1	456	-1.99664	0.999156	0.0275144	0.00175434	0.289474
1	457	-1.99716	0.999289	0.0223212	0.00139507	0.328228
1	458	-1.99734	0.999312	0.0212666	0.00149201	0.259825
1	459	-1.99688	0.999205	0.02566	0.00172963	0.326797
1	460	-1.99778	0.999435	0.0169898	0.00113308	0.252174
1	461	-1.99744	0.999328	0.0211537	0.00159787	0.277657
1	462	-1.99697	0.999232	0.024552	0.00160365	0.307359
1	463	-1.99678	0.99919	0.0273909	0.00174624	0.289417
1	464	-1.99716	0.999278	0.0234869	0.00153719	0.282328
1	465	-1.99688	0.999204	0.0269923	0.00181126	0.303226
1	466	-1.9982	0.999549	0.0131209	0.000820056	0.23176
1	467	-1.99685	0.999208	0.0262722	0.0016761	0.244111
1	468	-1.99658	0.999124	0.0254102	0.00174428	0.311966
1	469	-1.99691	0.999211	0.0244069	0.00162738	0.298507
1	470	-1.99809	0.999511	0.0150439	0.00101059	0.268085
1	471	-1.99701	0.999246	0.0212985	0.00136512	0.322718
1	472	-1.99805	0.999502	0.01526	0.00102373	0.271186
1	473	-1.99651	0.999123	0.030735	0.00195424	0.350951
1	474	-1.99823	0.999546	0.0141024	0.000951459	0.232068
1	475	-1.99747	0.999368	0.0203524	0.00127202	0.286316
1	476	-1.9963	0.999044	0.0296575	0.00205048	0.323529
1	477	-1.99675	0.999161	0.0300741	0.00206673	0.27673
1	478	-1.99839	0.999592	0.013439	0.000874853	0.179916
1	479	-1.99697	0.999238	0.0241425	0.00154227	0.313152
1	480	-1.99652	0.999125	0.0285748	0.00181875	0.322917
1	481	-1.99705	0.999252	0.0232914	0.0015223	0.27027
1	482	-1.99689	0.999212	0.0228481	0.00149412	0.286307
1	483	-1.99754	0.999379	0.0195181	0.00125355	0.223602
1	484	-1.99719	0.999287	0.0241145	0.00159428	0.285124
1	485	-1.99763	0.999402	0.0205965	0.00134152	0.280412
1	486	-1.99564	0.998889	0.0345286	0.00230453	0.353909
1	487	-1.99737	0.999343	0.0215489	0.0013468	0.283368
1	488	-1.9974	0.999324	0.0199958	0.00141545	0.270492
1	489	-1.99775	0.999417	0.0176078	0.00123427	0.265849
1	490	-1.99661	0.999143	0.0262664	0.00170612	0.326531
1	491	-1.99684	0.999196	0.0265637	0.00175742	0.293279
1	492	-1.99793	0.999472	0.0168174	0.00114846	0.239837
1	493	-1.99755	0.999381	0.0187669	0.00120593	0.247465
1	494	-1.99735	0.999322	0.020426	0.00137476	0.287449
1	495	-1.99677	0.999192	0.0255582	0.00159739	0.30303
1	496	-1.99734	0.999325	0.022167	0.0014506	0.346774
1	497	-1.99702	0.999245	0.0239781	0.00156302	0.257545
1	498	-1.99827	0.999568	0.0171204	0.00107002	0.236948
1	499	-1.99697	0.999238	0.0227099	0.0014514	0.336673
1	500	-1.99742	0.99934	0.0186974	0.00126576	0.272
1	501	-1.99776	0.999431	0.0176417	0.00116796	0.239521
1	502	-1.99691	0.999213	0.0282981	0.00188382	0.334661
1	503	-1.997	0.999235	0.0278068	0.00185314	0.27833
1	504	-1.99815	0.999534	0.0155428	0.00100431	0.277778
1	505	-1.99673	0.999168	0.0298684	0.00202035	0.372277
1	506	-1.99729	0.999289	0.0230757	0.00169476	0.29249
1	507	-1.99708	0.99927	0.0249938	0.00156211	0.295858
1	508	-1.99632	0.999065	0.0310365	0.00203217	0.354331
1	509	-1.99642	0.999096	0.0327641	0.00210946	0.302554
1	510	-1.99708	0.999245	0.0278799	0.00194852	0.321569
1	511	-1.9973	0.999325	0.0205661	0.00128538	0.293542
1	512	-1.99691	0.999219	0.025097	0.00163086	0.333984
1	513	-1.99735	0.999327	0.0201127	0.00132006	0.276803
1	514	-1.99669	0.999163	0.0256634	0.00166558	0.319066
1	515	-1.9965	0.999097	0.0285116	0.00198458	0.361165
1	516	-1.99734	0.999322	0.0215989	0.00144387	0.25969
1	517	-1.99758	0.999381	0.0214141	0.00143283	0.290135
1	518	-1.99734	0.999324	0.0195549	0.00128457	0.254826
1	519	-1.99763	0.999403	0.020027	0.00128311	0.208092
1	520	-1.99752	0.999365	0.0196152	0.00133891	0.261538
1	521	-1.99754	0.999367	0.0206183	0.00141342	0.28023
1	522	-1.99659	0.999148	0.0244676	0.00152923	0.340996
1	523	-1.99673	0.999168	0.0280757	0.00184565	0.351816
1	524	-1.9966	0.999122	0.0304988	0.00213449	0.29771
1	525	-1.99726	0.999305	0.0218288	0.00142571	0.325714
1	526	-1.99745	0.999344	0.0205219	0.00140587	0.277567
1	527	-1.99719	0.999279	0.0240179	0.00168956	0.322581
1	528	-1.99722	0.999299	0.0206117	0.00131873	0.30303
1	529	-1.99716	0.999282	0.0223415	0.00145711	0.279773
1	530	-1.99681	0.999151	0.0302726	0.00235315	0.313208
1	531	-1.99725	0.999303	0.0194242	0.00127472	0.276836
1	532	-1.9963	0.99906	0.0326354	0.00212788	0.304511
1	533	-1.99752	0.999381	0.0191602	0.00119751	0.30394
1	534	-1.99706	0.999232	0.0252315	0.00182412	0.269663
1	535	-1.99695	0.999215	0.0267169	0.00188432	0.269159
1	536	-1.9964	0.999067	0.0293661	0.00203999	0.356343
1	537	-1.99652	0.999106	0.0288924	0.00195229	0.324022
1	538	-1.99673	0.999154	0.0270947	0.00188862	0.282528
1	539	-1.99701	0.99923	0.0238151	0.00163671	0.267161
1	540	-1.99719	0.99925	0.0270529	0.00212685	0.266667
1	541	-1.99732	0.999325	0.0217476	0.00138909	0.288355
1	542	-1.99795	0.999474	0.0177319	0.00119936	0.232472
1	543	-1.99645	0.999107	0.0268436	0.00172509	0.331492
1	544	-1.99632	0.999062	0.0298875	0.00200138	0.345588
1	545	-1.99727	0.999303	0.0215974	0.00145691	0.344954
1	546	-1.99696	0.999222	0.0257532	0.00175398	0.283883
1	547	-1.9968	0.999186	0.0233282	0.00154514	0.340037
1	548	-1.99783	0.999453	0.0168729	0.0010845	0.270073
1	549	-1.9969	0.999217	0.0248713	0.00161254	0.265938
1	550	-1.99684	0.999191	0.0271238	0.00182906	0.309091
1	551	-1.99746	0.999347	0.0215193	0.00146264	0.264973
1	552	-1.99725	0.999293	0.0217496	0.00150323	0.275362
1	553	-1.99633	0.99906	0.0285339	0.0019248	0.325497
1	554	-1.99794	0.999477	0.0183784	0.00122613	0.267148
1	555	-1.99697	0.999234	0.0263168	0.00172941	0.30991
1	556	-1.99827	0.999541	0.0136277	0.0011209	0.269784
1	557	-1.99776	0.999434	0.0187395	0.00121857	0.260323
1	558	-1.99717	0.999283	0.0210223	0.00137151	0.292115
1	559	-1.99678	0.999177	0.0284822	0.0019116	0.261181
1	560	-1.99737	0.99933	0.0228866	0.00151706	0.285714
1	561	-1.9974	0.999349	0.0203924	0.00127453	0.28877
1	562	-1.99724	0.999297	0.0256406	0.00170632	0.27758
1	563	-1.99654	0.999121	0.0280966	0.00183999	0.330373
1	564	-1.99736	0.999326	0.0218182	0.00144963	0.269504
1	565	-1.99743	0.999345	0.019808	0.00135058	0.269027
1	566	-1.99721	0.999293	0.0213353	0.00139033	0.257951
1	567	-1.99619	0.999021	0.0327135	0.00224462	0.313933
1	568	-1.99669	0.999146	0.0278715	0.00190906	0.302817
1	569	-1.99692	0.999209	0.0235626	0.00161273	0.295255
1	570	-1.99632	0.999061	0.0288163	0.00191077	0.354386
1	571	-1.99765	0.999405	0.017692	0.00118918	0.269702
1	572	-1.9978	0.999449	0.0173598	0.00108499	0.307692
1	573	-1.99611	0.998988	0.0347793	0.0024523	0.324607
1	574	-1.99716	0.999277	0.0223493	0.00148081	0.277003
1	575	-1.99774	0.999426	0.0195206	0.00129434	0.253913
1	576	-1.99707	0.999253	0.0262094	0.00172152	0.270833
1	577	-1.99619	0.999029	0.0305108	0.0020149	0.379549
1	578	-1.99732	0.999308	0.0219678	0.00153854	0.273356
1	579	-1.99651	0.999111	0.0285683	0.00191152	0.314335
1	580	-1.99734	0.999336	0.0200766	0.00125479	0.275862
1	581	-1.99781	0.999441	0.0183986	0.00123456	0.271945
1	582	-1.9977	0.999416	0.0195978	0.00130679	0.292096
1	583	-1.99681	0.999202	0.024745	0.00154656	0.284734
1	584	-1.9974	0.999341	0.0212629	0.00138438	0.273973
1	585	-1.99766	0.99941	0.0178404	0.00114293	0.290598
1	586	-1.99746	0.999343	0.0228747	0.00158502	0.279863
1	587	-1.99753	0.99937	0.0195695	0.00130615	0.293015
1	588	-1.99791	0.999473	0.018998	0.00121535	0.265306
1	589	-1.99655	0.9991	0.0298157	0.00212094	0.271647
1	590	-1.99632	0.999068	0.0289619	0.00188969	0.3
1	591	-1.99591	0.998959	0.0336316	0.00222337	0.328257
1	592	-1.9972	0.999265	0.0248279	0.00182795	0.283784
1	593	-1.99712	0.999275	0.0226435	0.00144229	0.266442
1	594	-1.99712	0.999268	0.0224763	0.00148582	0.294613
1	595	-1.9976	0.999395	0.0198072	0.00126533	0.248739
1	596	-1.99755	0.999379	0.0202842	0.00132235	0.302013
1	597	-1.99638	0.999095	0.0247805	0.00154878	0.314908
1	598	-1.99712	0.999256	0.0277277	0.00196913	0.311037
1	599	-1.99738	0.999341	0.0208247	0.00134526	0.267112
1	600	-1.99742	0.999342	0.0204639	0.00137664	0.276667
1	601	-1.99691	0.999226	0.0235897	0.00147436	0.306156
1	602	-1.99596	0.998953	0.0318214	0.00225296	0.352159
1	603	-1.99662	0.999129	0.0324368	0.00220094	0.311774
1	604	-1.99692	0.99923	0.0240213	0.00150133	0.294702
1	605	-1.99547	0.998826	0.0367542	0.0025896	0.393388
1	606	-1.99645	0.999101	0.0329189	0.00216822	0.363036
1	607	-1.99731	0.999316	0.0260447	0.00174054	0.283361
1	608	-1.99714	0.999285	0.0238292	0.00148933	0.296053
1	609	-1.99639	0.99908	0.0297225	0.00196063	0.316913
1	610	-1.99731	0.999311	0.0228137	0.00154808	0.295082
1	611	-1.99609	0.999002	0.0324394	0.0021545	0.343699
1	612	-1.99732	0.999322	0.0257551	0.00166247	0.284314
1	613	-1.99698	0.999225	0.0247418	0.0017011	0.28385
1	614	-1.99717	0.999259	0.0259733	0.00184875	0.306189
1	615	-1.99691	0.999228	0.0261009	0.0016313	0.302439
1	616	-1.99688	0.999188	0.0313088	0.00226893	0.301948
1	617	-1.99614	0.999011	0.0322979	0.0021698	0.376013
1	618	-1.99699	0.999239	0.0244673	0.00158094	0.276699
1	619	-1.99727	0.999297	0.0252575	0.00172491	0.261712
1	620	-1.99666	0.999137	0.0276057	0.00197635	0.333871
1	621	-1.99741	0.99934	0.0204354	0.00137153	0.276973
1	622	-1.99735	0.999309	0.0225871	0.00160947	0.273312
1	623	-1.99682	0.999189	0.0247237	0.00167939	0.295345
1	624	-1.99673	0.999175	0.0238018	0.00153844	0.275641
1	625	-1.99635	0.99908	0.0278288	0.00178944	0.3616
1	626	-1.99703	0.999241	0.0243281	0.00163871	0.300319
1	627	-1.99742	0.999346	0.0188927	0.00123247	0.277512
1	628	-1.99693	0.999212	0.0271138	0.00186932	0.305732
1	629	-1.99674	0.999157	0.0268482	0.00190996	0.330684
1	630	-1.99744	0.999349	0.0211972	0.00141789	0.266667
1	631	-1.997	0.999239	0.0242402	0.00160689	0.274168
1	632	-1.99802	0.999494	0.0155871	0.00106834	0.259494
1	633	-1.99681	0.999194	0.0258792	0.00166768	0.255924
1	634	-1.99715	0.999274	0.024437	0.00161908	0.293375
1	635	-1.99756	0.999354	0.0204829	0.00162852	0.283465
1	636	-1.99697	0.999222	0.0245555	0.00166021	0.298742
1	637	-1.99666	0.999137	0.0256061	0.00177401	0.354788
1	638	-1.99688	0.999201	0.0231304	0.00159393	0.332288
1	639	-1.99721	0.999288	0.0246896	0.00165948	0.259781
1	640	-1.9967	0.999164	0.0265897	0.00173611	0.30625
1	641	-1.99644	0.999103	0.0273886	0.00178421	0.363495
1	642	-1.99709	0.99926	0.0244568	0.00160346	0.250779
1	643	-1.99742	0.999339	0.0202267	0.00136491	0.307932
1	644	-1.99702	0.999216	0.026134	0.00197453	0.313665
1	645	-1.99722	0.999302	0.0227798	0.00144871	0.282171
1	646	-1.99683	0.999203	0.0230307	0.00146405	0.309598
1	647	-1.99728	0.999289	0.0244899	0.00174526	0.324575
1	648	-1.99742	0.999352	0.0191334	0.00122085	0.234568
1	649	-1.99689	0.999206	0.0242298	0.00161253	0.311248
1	650	-1.9974	0.999338	0.0230806	0.00151725	0.233846
1	651	-1.99776	0.999432	0.0172815	0.00113039	0.261137
1	652	-1.99784	0.999448	0.0174545	0.0011664	0.243865
1	653	-1.99631	0.999058	0.0350417	0.00235577	0.336907
1	654	-1.9968	0.999182	0.0244776	0.00167422	0.278287
1	655	-1.99711	0.999275	0.0238451	0.00151483	0.296183
1	656	-1.99732	0.999322	0.0199256	0.00129459	0.280488
1	657	-1.99668	0.999125	0.0278639	0.00223547	0.343988
1	658	-1.99628	0.999035	0.0292873	0.00204389	0.306991
1	659	-1.99707	0.999249	0.023337	0.00161043	0.324734
1	660	-1.99702	0.999242	0.0213454	0.0014068	0.327273
1	661	-1.99696	0.999221	0.0246825	0.00167852	0.266263
1	662	-1.99801	0.999494	0.016174	0.00106071	0.241692
1	663	-1.99697	0.999231	0.0225679	0.00148277	0.343891
1	664	-1.997	0.999239	0.022853	0.00150056	0.307229
1	665	-1.99764	0.999406	0.0199659	0.00128744	0.263158
1	666	-1.99704	0.999257	0.0241879	0.00153579	0.315315
1	667	-1.99751	0.999378	0.020311	0.00126944	0.275862
1	668	-1.99692	0.999214	0.025178	0.00168406	0.332335
1	669	-1.9971	0.99926	0.0229443	0.00152989	0.289985
1	670	-1.99725	0.999306	0.0221772	0.00143419	0.283582
1	671	-1.99726	0.999307	0.0221487	0.00143234	0.281669
1	672	-1.99754	0.999375	0.0187194	0.00124256	0.264881
1	673	-1.99759	0.999391	0.0177714	0.00115912	0.291233
1	674	-1.99684	0.999177	0.025382	0.00182077	0.31454
1	675	-1.99804	0.999504	0.0154185	0.00101259	0.222222
1	676	-1.99743	0.999349	0.0192434	0.00125066	0.273669
1	677	-1.99799	0.99949	0.0157565	0.00103349	0.25997
1	678	-1.99736	0.999336	0.0218137	0.00138721	0.283186
1	679	-1.99748	0.999359	0.0204969	0.00135276	0.226804
1	680	-1.99734	0.999316	0.022166	0.00150413	0.3
1	681	-1.99684	0.9992	0.0260277	0.00169682	0.345081
1	682	-1.99718	0.999282	0.0242784	0.0016117	0.280059
1	683	-1.99775	0.999422	0.0171758	0.00116929	0.25183
1	684	-1.99683	0.999196	0.0272606	0.00178816	0.321637
1	685	-1.99775	0.999431	0.0188834	0.0012426	0.239416
1	686	-1.99646	0.999082	0.0320072	0.00222824	0.329446
1	687	-1.99725	0.999301	0.0220672	0.00146412	0.280932
1	688	-1.99734	0.999324	0.0226933	0.00148879	0.302326
1	689	-1.99682	0.999158	0.0275989	0.00218389	0.333817
1	690	-1.99739	0.999319	0.0215098	0.0016405	0.266667
1	691	-1.99774	0.999428	0.0172956	0.00112834	0.272069
1	692	-1.99725	0.999306	0.0216088	0.00139714	0.280347
1	693	-1.99771	0.999423	0.019193	0.00122316	0.279942
1	694	-1.99826	0.999561	0.0129051	0.000830523	0.224784
1	695	-1.99745	0.99936	0.020715	0.00131803	0.244604
1	696	-1.99793	0.999476	0.0165636	0.00108252	0.212644
1	697	-1.9967	0.999154	0.0268639	0.00183677	0.315638
1	698	-1.99689	0.999212	0.0286268	0.00190064	0.272206
1	699	-1.99704	0.999256	0.0226438	0.00143815	0.286123
1	700	-1.99783	0.99945	0.0171997	0.00112186	0.254286
1	701	-1.99725	0.999294	0.0223602	0.00152666	0.322397
1	702	-1.99662	0.999138	0.0277486	0.00188239	0.331909
1	703	-1.99677	0.999154	0.0288877	0.00214589	0.29872
1	704	-1.99638	0.999077	0.0263997	0.00176128	0.292614
1	705	-1.99799	0.999496	0.0158524	0.000990775	0.229787
1	706	-1.99663	0.99915	0.0291087	0.00186407	0.356941
1	707	-1.99761	0.999399	0.0206281	0.00131232	0.257426
1	708	-1.9973	0.999315	0.0214392	0.00140834	0.262712
1	709	-1.99762	0.999372	0.0184325	0.0013798	0.287729
1	710	-1.99755	0.99938	0.0213723	0.00139568	0.269014
1	711	-1.99757	0.999381	0.019404	0.00128141	0.265823
1	712	-1.99774	0.999431	0.0189098	0.00120485	0.252809
1	713	-1.997	0.999229	0.0247837	0.00172552	0.328191
1	714	-1.99724	0.999307	0.0218849	0.00139038	0.285714
1	715	-1.9975	0.999371	0.0185839	0.00118421	0.248951
1	716	-1.9977	0.99942	0.016926	0.00108071	0.26257
1	717	-1.99734	0.999317	0.0210946	0.00145893	0.262204
1	718	-1.99719	0.999283	0.0253577	0.00167443	0.303621
1	719	-1.9975	0.99936	0.0186335	0.00125491	0.253129
1	720	-1.99749	0.999368	0.0190833	0.00121526	0.275
1	721	-1.99728	0.999307	0.0234518	0.00155521	0.299584
1	722	-1.9972	0.99928	0.0235726	0.00162077	0.295014
1	723	-1.99671	0.999163	0.0284179	0.00186376	0.315353
1	724	-1.99747	0.999358	0.0221406	0.00145102	0.26105
1	725	-1.99699	0.999234	0.0229765	0.0015449	0.306207
1	726	-1.99713	0.999277	0.022612	0.00145749	0.297521
1	727	-1.9975	0.99936	0.0203817	0.00136318	0.290234
1	728	-1.99712	0.999251	0.0238145	0.00171264	0.299451
1	729	-1.99735	0.9993	0.0222718	0.0016698	0.290809
1	730	-1.9969	0.999212	0.0277278	0.00182032	0.326027
1	731	-1.99733	0.999316	0.0221604	0.00150917	0.298222
1	732	-1.99653	0.999112	0.0314679	0.00211629	0.295082
1	733	-1.99701	0.999243	0.0251879	0.00163971	0.302865
1	734	-1.99627	0.999005	0.0323551	0.00243814	0.346049
1	735	-1.99721	0.999286	0.0213237	0.00144218	0.280272
1	736	-1.99674	0.999164	0.0278119	0.00190821	0.331522
1	737	-1.99691	0.999213	0.0239601	0.00159759	0.294437
1	738	-1.99673	0.999173	0.0279837	0.00181344	0.322493
1	739	-1.997	0.999222	0.0245364	0.00174701	0.281461
1	740	-1.9967	0.999155	0.0257052	0.0017552	0.305405
1	741	-1.99668	0.99915	0.0298155	0.00200506	0.321188
1	742	-1.99729	0.999319	0.0232103	0.0014724	0.239892
1	743	-1.99673	0.999166	0.0272154	0.00182107	0.312248
1	744	-1.99694	0.99922	0.026136	0.00171927	0.290323
1	745	-1.99711	0.999268	0.0241049	0.00157117	0.289933
1	746	-1.99745	0.999343	0.0204616	0.0014092	0.285523
1	747	-1.99705	0.999257	0.0238398	0.00153288	0.269076
1	748	-1.99762	0.999405	0.0197669	0.00123543	0.227273
1	749	-1.99688	0.999186	0.026216	0.00187087	0.285714
1	750	-1.99652	0.999107	0.0311558	0.00210745	0.310667
1	751	-1.99732	0.999321	0.0230734	0.00151993	0.284953
1	752	-1.99681	0.999189	0.0250747	0.00167829	0.305851
1	753	-1.99708	0.999256	0.0233585	0.00155832	0.313413
1	754	-1.99666	0.999138	0.0296964	0.00206348	0.318302
1	755	-1.99689	0.999199	0.0278598	0.00195507	0.272848
1	756	-1.99738	0.999325	0.022124	0.00151109	0.28836
1	757	-1.99771	0.999412	0.0184657	0.00127525	0.301189
1	758	-1.99686	0.999202	0.0243415	0.00160534	0.28496
1	759	-1.99743	0.999354	0.0210225	0.00133526	0.289855
1	760	-1.99817	0.999539	0.0147146	0.000941482	0.226316
1	761	-1.99665	0.999152	0.0274141	0.00177573	0.333771
1	762	-1.9963	0.999049	0.0333668	0.00230194	0.346457
1	763	-1.99654	0.999122	0.0283437	0.00186719	0.304063
1	764	-1.9978	0.999444	0.0172281	0.00111968	0.267016
1	765	-1.99712	0.999268	0.0241951	0.00161572	0.261438
1	766	-1.99748	0.99936	0.0193406	0.00127235	0.253264
1	767	-1.99713	0.99927	0.0216374	0.00145561	0.306389
1	768	-1.99689	0.999199	0.0254492	0.00173569	0.299479
1	769	-1.99722	0.999298	0.0232222	0.00149327	0.270481
1	770	-1.9973	0.999312	0.0248215	0.00168062	0.311688
1	771	-1.997	0.999241	0.0233354	0.00152069	0.285344
1	772	-1.99709	0.999242	0.0226644	0.00162264	0.30829
1	773	-1.99696	0.999217	0.0256433	0.00176015	0.307891
1	774	-1.99669	0.99916	0.0262185	0.0017334	0.308786
1	775	-1.99677	0.999187	0.0236054	0.00151632	0.261935
1	776	-1.99768	0.999414	0.0183633	0.0011898	0.259021
1	777	-1.99728	0.999311	0.0225329	0.00147059	0.29601
1	778	-1.99707	0.999261	0.0227857	0.00146531	0.341902
1	779	-1.99687	0.999198	0.0247278	0.0016809	0.291399
1	780	-1.99721	0.999288	0.0241575	0.00160518	0.276923
1	781	-1.99722	0.999296	0.0241079	0.00156859	0.302177
1	782	-1.99726	0.99929	0.0294341	0.0021131	0.304348
1	783	-1.99683	0.999183	0.0234713	0.00164847	0.332056
1	784	-1.99718	0.999273	0.0220767	0.00152326	0.311224
1	785	-1.9969	0.999217	0.023632	0.00155067	0.318471
1	786	-1.99733	0.999326	0.0212668	0.00137029	0.300254
1	787	-1.9976	0.999384	0.0197007	0.00133475	0.271919
1	788	-1.99709	0.999264	0.0260127	0.00168685	0.286802
1	789	-1.99715	0.999271	0.0247826	0.00167602	0.258555
1	790	-1.99718	0.999278	0.0225849	0.00151328	0.260759
1	791	-1.99695	0.999216	0.0266788	0.00190343	0.273072
1	792	-1.9974	0.999337	0.0227484	0.00150353	0.300505
1	793	-1.99762	0.999401	0.0177531	0.00113013	0.259773
1	794	-1.99718	0.999276	0.0222069	0.00154085	0.303526
1	795	-1.99696	0.999233	0.0265829	0.00172677	0.289308
1	796	-1.99707	0.999253	0.0247637	0.00164836	0.306533
1	797	-1.99708	0.999247	0.0288524	0.00195649	0.276035
1	798	-1.99647	0.999104	0.026684	0.00174655	0.318296
1	799	-1.99683	0.999186	0.0255764	0.00173778	0.321652
1	800	-1.99793	0.999475	0.0161777	0.00106475	0.2525
1	801	-1.99752	0.999376	0.0187546	0.00119245	0.267166
1	802	-1.99746	0.999358	0.0204544	0.00131885	0.279302
1	803	-1.99712	0.999271	0.0225429	0.0014689	0.278954
1	804	-1.99743	0.999347	0.0240649	0.00158318	0.278607
1	805	-1.9967	0.999161	0.0258437	0.00169392	0.337888
1	806	-1.99664	0.999144	0.0272894	0.00181603	0.352357
1	807	-1.99713	0.999275	0.0259382	0.00166093	0.294919
1	808	-1.99686	0.999183	0.0246611	0.00173806	0.289604
1	809	-1.99667	0.999147	0.0287543	0.00195871	0.31644
1	810	-1.99795	0.999488	0.0151101	0.000944383	0.212346
1	811	-1.99736	0.999334	0.020988	0.00135164	0.311961
1	812	-1.99708	0.999255	0.0239323	0.00163755	0.29803
1	813	-1.99708	0.999262	0.0246943	0.00160256	0.270603
1	814	-1.99732	0.999318	0.023077	0.00152167	0.277641
1	815	-1.99715	0.99927	0.0233599	0.00163956	0.296933
1	816	-1.99724	0.999301	0.0218117	0.00142247	0.314951
1	817	-1.99673	0.999149	0.0263277	0.001877	0.325581
1	818	-1.99702	0.99923	0.0257808	0.00176762	0.271394
1	819	-1.99708	0.999267	0.0236022	0.00149472	0.288156
1	820	-1.9979	0.999476	0.017362	0.00108513	0.243902
1	821	-1.99739	0.999342	0.0203761	0.00131295	0.269184
1	822	-1.9971	0.999234	0.0244813	0.0018575	0.313869
1	823	-1.99767	0.999405	0.0186249	0.00124338	0.250304
1	824	-1.99681	0.999181	0.0271387	0.0018311	0.330097
1	825	-1.99772	0.999424	0.019935	0.00128558	0.271515
1	826	-1.99669	0.999153	0.0279308	0.0018919	0.307506
1	827	-1.997	0.999238	0.0265843	0.00175094	0.304716
1	828	-1.99722	0.999293	0.0216479	0.00143077	0.28744
1	829	-1.99737	0.999324	0.0215524	0.00148213	0.267793
1	830	-1.99714	0.999277	0.0234856	0.00152591	0.292771
1	831	-1.99733	0.999332	0.0219828	0.00137393	0.288809
1	832	-1.99689	0.999213	0.0254987	0.00166315	0.276442
1	833	-1.99713	0.999256	0.0229737	0.00162715	0.304922
1	834	-1.9976	0.999388	0.0216805	0.00145714	0.254197
1	835	-1.99734	0.999323	0.0213163	0.00140967	0.28024
1	836	-1.99742	0.999348	0.0223058	0.00144484	0.26555
1	837	-1.99783	0.99945	0.0177025	0.00114561	0.260454
1	838	-1.99752	0.999374	0.0192063	0.00123918	0.274463
1	839	-1.99703	0.999249	0.0242718	0.00158614	0.27652
1	840	-1.99713	0.999268	0.0238027	0.00158321	0.254762
1	841	-1.99721	0.999298	0.0208958	0.00132513	0.275862
1	842	-1.99694	0.999186	0.0264582	0.00221745	0.304038
1	843	-1.99731	0.999306	0.0231494	0.00162232	0.260973
1	844	-1.99754	0.999378	0.0198455	0.00127888	0.241706
1	845	-1.99775	0.999432	0.0189007	0.00122004	0.239053
1	846	-1.99658	0.999125	0.0310296	0.0021053	0.306147
1	847	-1.99679	0.999156	0.0288383	0.00218249	0.325856
1	848	-1.99733	0.999328	0.0210268	0.00135229	0.261792
1	849	-1.99694	0.999217	0.0255537	0.00176873	0.306243
1	850	-1.99719	0.999282	0.0226729	0.00151164	0.294118
1	851	-1.99743	0.999342	0.0205237	0.0013779	0.296122
1	852	-1.99637	0.999061	0.0309358	0.00218255	0.359155
1	853	-1.99773	0.999426	0.0186578	0.00120447	0.260258
1	854	-1.99674	0.999169	0.0249885	0.00169073	0.324356
1	855	-1.99711	0.999263	0.0245916	0.00165417	0.297076
1	856	-1.99683	0.999171	0.0257572	0.00185098	0.303738
1	857	-1.99662	0.999142	0.0293987	0.00191115	0.305718
1	858	-1.99735	0.99933	0.0212095	0.00139378	0.291375
1	859	-1.99752	0.999377	0.0182623	0.00116032	0.256112
1	860	-1.99728	0.999308	0.0256898	0.00168062	0.286047
1	861	-1.99721	0.999286	0.0230941	0.00159615	0.281069
1	862	-1.99673	0.999171	0.0254174	0.00166215	0.321346
1	863	-1.99696	0.999206	0.0270896	0.00203072	0.297798
1	864	-1.99734	0.999329	0.0226284	0.00146326	0.256944
1	865	-1.99753	0.999364	0.0200257	0.0013643	0.272832
1	866	-1.99731	0.999313	0.0244947	0.00162411	0.325635
1	867	-1.99734	0.999296	0.0250728	0.00201653	0.292964
1	868	-1.9971	0.999263	0.0263981	0.00174106	0.31106
1	869	-1.99741	0.999333	0.0189985	0.00131779	0.306099
1	870	-1.99717	0.999264	0.0229168	0.00169158	0.268966
1	871	-1.99679	0.999185	0.0260844	0.00175487	0.316877
1	872	-1.99736	0.999329	0.0219878	0.00145988	0.262615
1	873	-1.99651	0.999095	0.028703	0.00200921	0.33677
1	874	-1.99637	0.999062	0.0318546	0.00221083	0.352403
1	875	-1.99738	0.999326	0.0202545	0.00139528	0.283429
1	876	-1.99643	0.999092	0.0336604	0.00219338	0.33105
1	877	-1.99806	0.999515	0.0150991	0.000943691	0.250855
1	878	-1.99745	0.999351	0.0212689	0.00140317	0.23918
1	879	-1.99738	0.999329	0.0202875	0.00138975	0.245734
1	880	-1.9969	0.999193	0.030014	0.00219416	0.315909
1	881	-1.99687	0.999188	0.0276747	0.00194993	0.338252
1	882	-1.99694	0.999235	0.0247323	0.00154577	0.276644
1	883	-1.99759	0.999383	0.020549	0.0013765	0.267271
1	884	-1.99709	0.999259	0.0259857	0.00171479	0.274887
1	885	-1.99776	0.999435	0.0188792	0.00122825	0.271186
1	886	-1.99602	0.998979	0.0354112	0.00239304	0.370203
1	887	-1.99658	0.999121	0.0274857	0.00190038	0.295378
1	888	-1.99775	0.999426	0.0197727	0.0013095	0.245495
1	889	-1.99766	0.999404	0.0188677	0.00125266	0.245219
1	890	-1.99699	0.999225	0.025137	0.0017371	0.253933
1	891	-1.99787	0.999456	0.0172159	0.00114972	0.267116
1	892	-1.99781	0.999439	0.0194785	0.0013093	0.255605
1	893	-1.99671	0.999155	0.0280944	0.00192012	0.291153
1	894	-1.99708	0.999245	0.0241075	0.00170709	0.287472
1	895	-1.99685	0.999207	0.0247216	0.00158067	0.275978
1	896	-1.99701	0.99923	0.0254393	0.00177171	0.292411
1	897	-1.99696	0.999225	0.0233629	0.00159934	0.301003
1	898	-1.99733	0.999326	0.0237798	0.00152223	0.25167
1	899	-1.99759	0.999388	0.0195159	0.00127409	0.266963
1	900	-1.99721	0.999289	0.0232444	0.00155328	0.277778
1	901	-1.99737	0.999334	0.0216941	0.00142084	0.324084
1	902	-1.99736	0.999335	0.0221376	0.00141946	0.283814
1	903	-1.9973	0.999319	0.0210883	0.00135377	0.285714
1	904	-1.9969	0.999209	0.0254546	0.00170774	0.318584
1	905	-1.9972	0.999293	0.0227302	0.00150161	0.296133
1	906	-1.99715	0.999272	0.0243943	0.00164203	0.313466
1	907	-1.99653	0.999107	0.0272371	0.00188605	0.341786
1	908	-1.99717	0.999273	0.0233594	0.00159483	0.268722
1	909	-1.99707	0.999263	0.0239455	0.00154286	0.289329
1	910	-1.99729	0.999313	0.0209212	0.00136077	0.261538
1	911	-1.99729	0.999292	0.0229212	0.00165459	0.276619
1	912	-1.99754	0.999375	0.018815	0.00124726	0.265351
1	913	-1.99693	0.999222	0.0242773	0.00159819	0.3023
1	914	-1.99728	0.999305	0.0243836	0.00161218	0.292123
1	915	-1.99698	0.999224	0.0266119	0.0018138	0.297268
1	916	-1.99743	0.999356	0.0218651	0.00138427	0.282751
1	917	-1.99708	0.999258	0.0243261	0.00159029	0.31952
1	918	-1.99697	0.999221	0.0234341	0.00162009	0.302832
1	919	-1.99712	0.999271	0.0225717	0.00146313	0.256801
1	920	-1.99682	0.999158	0.0282472	0.00222702	0.305435
1	921	-1.9971	0.999273	0.0227403	0.00143869	0.290988
1	922	-1.99687	0.999214	0.0243997	0.00154226	0.304772
1	923	-1.99781	0.999437	0.020706	0.00143317	0.216685
1	924	-1.99668	0.999161	0.0287878	0.00185064	0.305195
1	925	-1.99737	0.999341	0.021499	0.00136118	0.300541
1	926	-1.99692	0.999217	0.0267509	0.00177424	0.291577
1	927	-1.99783	0.999444	0.0180115	0.00122498	0.245955
1	928	-1.99755	0.99938	0.0198049	0.00130117	0.240302
1	929	-1.99712	0.999273	0.0224192	0.00143576	0.303552
1	930	-1.99654	0.999108	0.0290113	0.00200398	0.341935
1	931	-1.99696	0.999221	0.0259925	0.00174454	0.300752
1	932	-1.99721	0.99927	0.0240115	0.00186861	0.298283
1	933	-1.9976	0.999389	0.0205025	0.00135124	0.255091
1	934	-1.99736	0.999315	0.0213139	0.00150384	0.286938
1	935	-1.99714	0.999262	0.0238184	0.00164312	0.320856
1	936	-1.99665	0.999151	0.0290027	0.00192297	0.314103
1	937	-1.99674	0.999173	0.0270532	0.00180747	0.298826
1	938	-1.99642	0.999094	0.0281297	0.00182505	0.362473
1	939	-1.99712	0.999271	0.0244671	0.00160822	0.270501
1	940	-1.99709	0.999245	0.0248567	0.0017718	0.319149
1	941	-1.99688	0.999219	0.0255109	0.00159443	0.286929
1	942	-1.997	0.999241	0.0228442	0.00147868	0.29087
1	943	-1.99744	0.999337	0.0227108	0.00161644	0.279958
1	944	-1.99728	0.999311	0.0230946	0.00150527	0.294492
1	945	-1.99726	0.999302	0.0229424	0.00151917	0.27619
1	946	-1.99717	0.999276	0.0242738	0.00164017	0.287526
1	947	-1.99664	0.99915	0.0289426	0.00187569	0.328405
1	948	-1.99715	0.999277	0.0232532	0.00153166	0.272152
1	949	-1.99751	0.999373	0.0200342	0.00128639	0.269758
1	950	-1.99743	0.999353	0.0225402	0.00144289	0.309474
1	951	-1.99718	0.99929	0.0243312	0.00155453	0.279706
1	952	-1.99732	0.999307	0.0209536	0.00148842	0.27521
1	953	-1.99716	0.999271	0.0232502	0.0015816	0.26128
1	954	-1.99682	0.999193	0.0258601	0.00171007	0.30608
1	955	-1.99674	0.999162	0.0269622	0.00185543	0.312042
1	956	-1.99671	0.999142	0.028084	0.00204881	0.317992
1	957	-1.99736	0.999326	0.0219902	0.00145884	0.261233
1	958	-1.99768	0.999415	0.0186453	0.00119944	0.248434
1	959	-1.99668	0.999135	0.0334746	0.00253666	0.355579
1	960	-1.99675	0.999177	0.025275	0.00164579	0.279167
1	961	-1.99767	0.999402	0.0192211	0.00130321	0.222685
1	962	-1.99698	0.999231	0.0218284	0.00144731	0.31185
1	963	-1.99751	0.999367	0.0201116	0.00133483	0.253375
1	964	-1.99729	0.999289	0.0215077	0.00159264	0.293568
1	965	-1.99718	0.999275	0.0210293	0.00144756	0.28601
1	966	-1.99673	0.999172	0.0247052	0.00160972	0.31677
1	967	-1.99689	0.999219	0.0259486	0.00164861	0.324716
1	968	-1.99726	0.999277	0.0262171	0.00208422	0.28719
1	969	-1.99736	0.999334	0.0225539	0.001443	0.309598
1	970	-1.99669	0.99917	0.0241968	0.00152863	0.327835
1	971	-1.99718	0.999279	0.0221908	0.0015017	0.286303
1	972	-1.99714	0.999264	0.0245469	0.00168685	0.294239
1	973	-1.99684	0.999198	0.0262337	0.00173678	0.291881
1	974	-1.99731	0.999312	0.0224856	0.00151504	0.258727
1	975	-1.99699	0.999241	0.0270338	0.00173881	0.295385
1	976	-1.99701	0.999242	0.0228131	0.00149137	0.278689
1	977	-1.99695	0.999227	0.0249378	0.00163421	0.30911
1	978	-1.9967	0.999162	0.0269253	0.00176379	0.296524
1	979	-1.99744	0.999341	0.0203738	0.00138919	0.283963
1	980	-1.99709	0.999265	0.0215558	0.00139633	0.322449
1	981	-1.99719	0.999281	0.0228481	0.00153653	0.278287
1	982	-1.9972	0.999277	0.0225657	0.00158316	0.307536
1	983	-1.99682	0.999161	0.0264227	0.00196647	0.31943
1	984	-1.99718	0.999289	0.0233749	0.00152522	0.286585
1	985	-1.99706	0.999249	0.0221165	0.00147982	0.282234
1	986	-1.99726	0.9993	0.0225584	0.00150797	0.292089
1	987	-1.99687	0.999184	0.024813	0.00179065	0.321175
1	988	-1.99701	0.999241	0.0240048	0.00159136	0.323887
1	989	-1.99722	0.999292	0.0213765	0.00141741	0.246714
1	990	-1.99764	0.999404	0.019341	0.00125187	0.278788
1	991	-1.99718	0.999289	0.0219759	0.00142218	0.284561
1	992	-1.99685	0.999199	0.0248335	0.00164834	0.285282
1	993	-1.99734	0.99933	0.0212613	0.00136139	0.284995
1	994	-1.99671	0.999125	0.0269387	0.00208794	0.299799
1	995	-1.99614	0.99902	0.0309469	0.00203803	0.297487
1	996	-1.99772	0.999418	0.0185247	0.0012499	0.287149
1	997	-1.99751	0.999358	0.0207948	0.00143999	0.28987
1	998	-1.99734	0.999329	0.0207068	0.00134277	0.284569
1	999	-1.99684	0.999194	0.0248266	0.0016722	0.283283
1	1000	-1.99749	0.99937	0.01896	0.00120124	0.264
1	1001	-1.99724	0.999291	0.0256504	0.00177678	0.267732
1	1002	-1.99673	0.999152	0.0289274	0.00200756	0.292415
1	1003	-1.99723	0.999292	0.0233279	0.0015543	0.256231
1	1004	-1.99683	0.999198	0.0241944	0.00158548	0.302789
1	1005	-1.99738	0.999323	0.0222159	0.00154822	0.288557
1	1006	-1.9971	0.999269	0.0239063	0.00152604	0.27833
1	1007	-1.99729	0.99931	0.0225219	0.00148772	0.266137
1	1008	-1.99682	0.999196	0.0233642	0.00150758	0.301587
1	1009	-1.99747	0.999366	0.0209536	0.00132569	0.291378
1	1010	-1.9972	0.999287	0.0214536	0.00142049	0.249505
1	1011	-1.99767	0.999407	0.0185523	0.0012241	0.255193
1	1012	-1.99644	0.999081	0.0307485	0.00217208	0.33004
1	1013	-1.99717	0.999274	0.0251802	0.0017144	0.242843
1	1014	-1.99748	0.999354	0.0196201	0.00132225	0.274162
1	1015	-1.99661	0.999138	0.0279572	0.00184067	0.31133
1	1016	-1.99648	0.999094	0.0293643	0.00203422	0.318898
1	1017	-1.99745	0.999356	0.0209652	0.00135817	0.277286
1	1018	-1.99756	0.999381	0.0194728	0.00128099	0.267191
1	1019	-1.99704	0.99923	0.0243571	0.00173514	0.315996
1	1020	-1.99785	0.999461	0.0160776	0.00102095	0.247059
1	1021	-1.99732	0.999319	0.0228195	0.00150907	0.256611
1	1022	-1.99669	0.999159	0.025527	0.00171285	0.309198
1	1023	-1.99737	0.999335	0.0222196	0.00144594	0.246334
1	1024	-1.99682	0.999199	0.0252428	0.0016185	0.3125
1	1025	-1.99697	0.999229	0.0267956	0.00177215	0.312195
1	1026	-1.99714	0.999274	0.0245351	0.0016312	0.28655
1	1027	-1.9975	0.999367	0.0201241	0.00131981	0.271665
1	1028	-1.99697	0.999222	0.0241601	0.00166437	0.311284
1	1029	-1.99676	0.999184	0.0288916	0.00185201	0.306122
1	1030	-1.99717	0.999282	0.023659	0.00154111	0.328155
1	1031	-1.99682	0.99919	0.0252047	0.00166779	0.323957
1	1032	-1.99768	0.999404	0.0206066	0.00139864	0.265504
1	1033	-1.99712	0.999264	0.0251543	0.00170023	0.276864
1	1034	-1.99772	0.999429	0.0183418	0.00114636	0.273694
1	1035	-1.99746	0.999357	0.0206443	0.00135178	0.270531
1	1036	-1.99689	0.999194	0.02602	0.00185406	0.329151
1	1037	-1.99727	0.999306	0.0230576	0.00154295	0.275796
1	1038	-1.99627	0.999022	0.0344784	0.00249807	0.317919
1	1039	-1.99711	0.999259	0.0246151	0.00172449	0.296439
1	1040	-1.99684	0.999183	0.0263432	0.00192511	0.290385
1	1041	-1.99596	0.998963	0.0322282	0.00220155	0.340058
1	1042	-1.99674	0.999175	0.0247624	0.00160853	0.309981
1	1043	-1.9972	0.999286	0.0247076	0.00164635	0.278044
1	1044	-1.99723	0.999296	0.0221072	0.00145883	0.302682
1	1045	-1.99699	0.999234	0.0232746	0.00154548	0.298565
1	1046	-1.99756	0.999374	0.018617	0.00128675	0.256214
1	1047	-1.99685	0.999188	0.0249852	0.00174209	0.313276
1	1048	-1.99738	0.999313	0.0230854	0.00170051	0.274809
