1	1	-0.8	0.0025	0	0	796
1	2	-0.86625	0.145	40.3225	3.24	676
1	3	-1.03833	0.104167	59.8422	1.47056	535
1	4	-1.0725	0.0584375	80.335	0.615469	495.5
1	5	-1.203	0.0835	99.9696	2.4814	418
1	6	-1.21625	0.11	105.909	2.56167	394.5
1	7	-1.29214	0.0480357	118.384	1.11776	345
1	8	-1.32313	0.0479687	127.604	1.67871	334.375
1	9	-1.31889	0.12375	120.034	1.96444	335.556
1	10	-1.3355	0.0955	118.218	7.1916	317.8
1	11	-1.385	0.0565909	139.476	2.70413	295.364
1	12	-1.37563	0.0740625	130.04	3.01505	295.667
1	13	-1.41692	0.240481	100.223	9.75405	274.923
1	14	-1.42411	0.02	127.135	0.300357	267.786
1	15	-1.46067	0.0909167	105.597	3.63749	254.133
1	16	-1.4925	0.164844	92.195	8.72465	234.875
1	17	-1.49456	0.0217647	104.13	0.398547	231.118
1	18	-1.55028	0.298264	103.46	13.2981	216.111
1	19	-1.48158	0.0314474	88.3697	0.224806	237.684
1	20	-1.50825	0.05325	83.6701	4.4911	223.4
1	21	-1.51024	0.191667	99.4999	15.8365	221.476
1	22	-1.53455	0.235	80.0842	17.4725	209.364
1	23	-1.51304	0.0282609	86.3443	1.35994	219.913
1	24	-1.5999	0.161771	118.511	4.8629	183.875
1	25	-1.5164	0.02915	92.8801	0.678744	206.48
1	26	-1.49971	0.0322115	69.5149	1.5841	215.615
1	27	-1.56167	0.0894444	85.1	3.03191	195.185
1	28	-1.6142	0.271429	83.7022	12.0573	175.357
1	29	-1.59052	0.0531466	90.4851	0.940624	180.345
1	30	-1.60517	0.183167	82.3506	6.23346	174.9
1	31	-1.61855	0.0771371	69.1618	3.24826	167.161
1	32	-1.58086	0.0805469	71.5079	6.47499	177.906
1	33	-1.61508	0.321742	100.489	27.518	163.485
1	34	-1.61324	0.138346	73.7074	2.14599	168.588
1	35	-1.61393	0.181857	66.7064	1.76105	167.114
1	36	-1.63194	0.198611	75.8912	14.698	166.944
1	37	-1.64405	0.239628	80.4824	9.5189	151.162
1	38	-1.66007	0.0440789	86.6997	2.23391	148.289
1	39	-1.62833	0.112212	59.8012	1.88519	156.308
1	40	-1.67056	0.0522813	80.8042	1.52836	145.9
1	41	-1.6814	0.138476	76.6747	2.00201	133.878
1	42	-1.63589	0.0719643	72.5018	1.53823	151.214
1	43	-1.68506	0.181919	65.9435	4.0076	132.419
1	44	-1.6092	0.0984659	65.9135	2.56623	163.682
1	45	-1.64056	0.203111	62.428	20.2928	155.933
1	46	-1.67408	0.216386	69.4597	19.5673	142.717
1	47	-1.71207	0.47867	67.1303	32.1308	124.596
1	48	-1.68844	0.365521	66.3473	17.9424	135
1	49	-1.70224	0.318036	73.1634	20.1478	127.286
1	50	-1.68925	0.3138	67.4677	27.1463	131.92
1	51	-1.71838	0.136078	68.4944	1.34334	123.373
1	52	-1.68933	0.387909	63.5212	66.6464	127.25
1	53	-1.69665	0.015566	56.1007	0.114865	125.245
1	54	-1.6888	0.22088	62.4543	24.9437	128.556
1	55	-1.71077	0.586909	102.329	116.442	126.509
1	56	-1.68848	0.357232	54.0667	11.1957	129.268
1	57	-1.64645	0.0441228	58.8747	1.01745	148.719
1	58	-1.70716	0.255582	57.2815	8.87235	122.31
1	59	-1.74428	0.384047	54.7468	13.3506	106.169
1	60	-1.7195	0.0338125	55.3816	0.828785	119.333
1	61	-1.71365	0.183832	66.1126	4.05769	125.623
1	62	-1.75569	0.268206	64.0442	14.0858	103.661
1	63	-1.7375	0.497242	59.1886	68.7307	110.444
1	64	-1.74859	0.0886719	67.9184	3.48624	104.25
1	65	-1.75073	0.261231	52.9495	13.6855	103.523
1	66	-1.73053	0.492197	54.7659	73.549	112.561
1	67	-1.73448	0.263638	58.0175	26.8601	106.776
1	68	-1.73647	0.0921324	61.2324	3.41103	110.588
1	69	-1.71888	0.175054	47.8952	25.3075	116.725
1	70	-1.7545	0.190482	59.1776	2.51731	102.157
1	71	-1.73063	0.0773239	47.1729	3.07678	107.831
1	72	-1.73608	0.231649	56.2219	22.7505	111.194
1	73	-1.7637	0.454349	54.8143	31.129	102.589
1	74	-1.74422	0.116436	47.8751	6.0914	105.095
1	75	-1.69807	0.240517	45.8743	24.6191	124.547
1	76	-1.7578	0.41602	58.0353	38.467	103.763
1	77	-1.75078	0.235844	53.5162	14.7639	103.26
1	78	-1.75564	0.570112	63.8614	101.257	101.462
1	79	-1.73661	0.0576424	41.3785	3.10601	108.354
1	80	-1.76228	0.208063	47.3558	1.95118	98.475
1	81	-1.71383	0.250494	46.1482	31.2962	116.086
1	82	-1.7653	0.41939	58.3742	38.1843	97.4634
1	83	-1.74437	0.113268	45.8106	7.53523	105.277
1	84	-1.75997	0.338125	54.1496	36.0779	97.8571
1	85	-1.70362	0.240824	37.3716	33.981	118.824
1	86	-1.82006	0.733488	70.4267	98.9133	77.8256
1	87	-1.70569	0.0684626	48.3418	2.19768	119.782
1	88	-1.74963	0.187756	41.8615	1.68467	103.102
1	89	-1.76829	0.110618	45.6574	3.59006	91.618
1	90	-1.73347	0.0293333	38.3562	1.00223	114.144
1	91	-1.78085	0.593448	50.762	63.0883	91.9011
1	92	-1.72959	0.196005	42.2833	41.3202	109.891
1	93	-1.7425	0.352473	44.711	71.8165	108.914
1	94	-1.78471	0.376862	46.4129	39.8132	86.8404
1	95	-1.78066	0.404829	47.8306	28.0368	91.9684
1	96	-1.77438	0.0902214	52.3248	1.86141	93.1042
1	97	-1.72704	0.176727	39.0739	4.03198	106.247
1	98	-1.81548	0.58199	46.8165	47.588	76.4694
1	99	-1.765	0.25154	43.1836	14.2328	95.6061
1	100	-1.78095	0.339425	50.0554	42.9445	89.27
1	101	-1.77173	0.167104	40.654	6.17064	89.7822
1	102	-1.79664	0.140919	42.9566	3.33313	81.3431
1	103	-1.77	0.30432	40.1748	24.5949	97.1942
1	104	-1.77594	0.322596	49.4204	11.2375	90.9423
1	105	-1.811	0.517714	45.7626	37.4432	79.7619
1	106	-1.81281	0.650755	53.9786	125.197	77.7736
1	107	-1.77925	0.198575	41.4761	4.06025	89.1308
1	108	-1.76139	0.250775	41.7082	17.0941	101.87
1	109	-1.84525	0.749507	50.3571	73.1822	67.5046
1	110	-1.75675	0.0846364	35.2597	5.84961	104.064
1	111	-1.79124	0.396498	47.3647	66.9216	86.5495
1	112	-1.77049	0.307321	39.2135	26.5165	94.8304
1	113	-1.78883	0.386482	42.8908	42.4771	86.4602
1	114	-1.78281	0.402456	41.8702	26.8324	91.4211
1	115	-1.80854	0.365511	39.1635	26.7858	80.1043
1	116	-1.75804	0.210938	38.7394	24.7202	99.3793
1	117	-1.77115	0.091015	36.8678	4.55102	89.8205
1	118	-1.89023	0.852267	58.1968	75.4338	48.2881
1	119	-1.73118	0.123309	33.4351	2.00368	112.269
1	120	-1.8011	0.215104	43.7625	7.94823	78.8167
1	121	-1.81155	0.600589	49.3399	84.7183	78.719
1	122	-1.75582	0.39377	43.3845	69.6484	101.344
1	123	-1.77148	0.121087	39.9149	10.0948	93.3577
1	124	-1.86859	0.781179	50.7673	76.897	55.2661
1	125	-1.72886	0.07165	29.1102	3.3675	113.72
1	126	-1.82266	0.639206	47.6777	83.6276	70.5794
1	127	-1.78445	0.295098	35.0241	37.353	86.8346
1	128	-1.78391	0.538477	47.0067	50.6049	84.0703
1	129	-1.78591	0.45719	45.2009	52.6777	87.1628
1	130	-1.79217	0.0787404	29.7653	4.65617	78.3462
1	131	-1.78447	0.0586737	34.9124	0.748655	86.3282
1	132	-1.73686	0.0288258	28.2901	0.702036	106.098
1	133	-1.78079	0.255423	38.6438	43.4986	86.7218
1	134	-1.84216	0.683284	45.8646	77.9039	65.2239
1	135	-1.78826	0.330093	36.1743	10.8112	84.1407
1	136	-1.81283	0.0860846	32.4222	4.47698	72.4706
1	137	-1.83577	0.606341	41.5715	61.4668	69.0949
1	138	-1.77207	0.198741	36.5168	22.8057	91.1159
1	139	-1.7816	0.0714029	36.2734	1.64789	84.777
1	140	-1.78464	0.165786	37.3339	1.32862	86.2286
1	141	-1.79491	0.0785816	37.168	1.37519	77.695
1	142	-1.86261	0.699859	39.2991	68.4243	57.5282
1	143	-1.8464	0.729563	50.4615	88.5437	65.5455
1	144	-1.82142	0.417734	33.8738	28.4687	71.4236
1	145	-1.8039	0.480095	41.5313	95.2639	79.3586
1	146	-1.80408	0.0178339	37.2023	0.243469	76.0342
1	147	-1.78199	0.178605	35.0171	23.0363	89.3265
1	148	-1.8178	0.362998	30.23	48.6721	71.0405
1	149	-1.82477	0.053146	28.3093	2.29918	65.7047
1	150	-1.83535	0.559392	39.2239	94.4126	69.9533
1	151	-1.82608	0.580008	43.6189	88.6816	73.6159
1	152	-1.8238	0.48727	36.9778	40.4477	71.1908
1	153	-1.7966	0.444077	34.0337	46.2965	83.5882
1	154	-1.81054	0.343255	32.849	76.1595	75.5649
1	155	-1.78727	0.0965887	28.1	9.13333	86.5742
1	156	-1.7937	0.0735176	35.9904	3.50797	78.8974
1	157	-1.88917	0.802102	53.6328	102.93	47.9745
1	158	-1.78163	0.380894	35.2495	21.5358	84.9177
1	159	-1.78044	0.383601	33.2798	31.9266	88.8428
1	160	-1.86264	0.704906	45.4704	84.5062	57.0625
1	161	-1.79661	0.0361025	29.7917	1.01619	77.6708
1	162	-1.89776	0.850571	43.7549	65.6816	44.2531
1	163	-1.78856	0.219678	30.394	32.0907	83.0061
1	164	-1.79608	0.127485	26.3287	1.33942	81.5427
1	165	-1.81055	0.540076	46.3012	119.387	75.8121
1	166	-1.8358	0.504315	33.3871	74.6697	64.4036
1	167	-1.8007	0.541856	35.9348	84.6045	84.4072
1	168	-1.80905	0.393802	29.7891	46.9049	79.1667
1	169	-1.78694	0.149231	27.3664	4.24393	85.3373
1	170	-1.80043	0.433757	33.9446	87.9867	80.8353
1	171	-1.79776	0.0980482	32.4773	1.93255	75.5614
1	172	-1.77895	0.281802	27.1078	9.07463	87.4535
1	173	-1.83207	0.554263	40.1861	77.1989	67.0347
1	174	-1.84938	0.578922	33.6128	83.6107	60.5805
1	175	-1.78404	0.0543286	27.4281	1.51316	83.9829
1	176	-1.84006	0.602124	34.9377	99.7149	64.7216
1	177	-1.7477	0.132076	25.2616	3.38339	105.452
1	178	-1.8758	0.742928	36.8935	81.3427	52.7191
1	179	-1.84119	0.612263	38.1367	101.343	66.9721
1	180	-1.8774	0.772201	44.4484	93.7286	51.2444
1	181	-1.88993	0.785062	40.8272	72.0294	46.9945
1	182	-1.81111	0.166641	24.5033	1.794	74.9176
1	183	-1.89538	0.808395	47.8345	102.171	44.4153
1	184	-1.78929	0.32053	31.763	60.1432	83.7609
1	185	-1.87968	0.703047	36.5304	107.767	50.3297
1	186	-1.82305	0.375349	27.4877	7.71185	67.2742
1	187	-1.75501	0.157079	23.6029	2.45045	104.455
1	188	-1.82299	0.0423138	28.9539	1.28771	62.8723
1	189	-1.80825	0.10797	25.828	7.14048	73.8836
1	190	-1.88804	0.750803	36.2045	105.971	46.9263
1	191	-1.82513	0.494306	31.8335	90.4842	69.644
1	192	-1.80228	0.0384831	27.8984	1.37203	74.7188
1	193	-1.87453	0.706405	42.3677	142.868	52.9637
1	194	-1.84082	0.546939	28.1858	71.7491	63.6134
1	195	-1.81604	0.472981	37.3321	98.0467	74.0923
1	196	-1.80699	0.302098	26.9423	61.1591	76.4898
1	197	-1.83056	0.533801	31.95	68.1591	68.4365
1	198	-1.88764	0.800114	41.5982	98.6749	47.5505
1	199	-1.81877	0.350697	24.2098	6.10343	68.0101
1	200	-1.83544	0.479694	28.0443	90.7793	66.205
1	201	-1.88461	0.719104	35.0131	92.6567	47.2587
1	202	-1.80365	0.0655074	25.7944	1.86092	73.8614
1	203	-1.82414	0.209926	23.8122	1.54021	64.2562
1	204	-1.75743	0.265692	17.4518	7.95442	101.328
1	205	-1.81715	0.296421	22.7213	56.8771	69.9122
1	206	-1.86887	0.710109	35.4703	79.0527	55.1359
1	207	-1.84982	0.632723	37.683	148.281	62.256
1	208	-1.86631	0.648702	28.6938	44.6212	53.3942
1	209	-1.79557	0.324725	25.4998	81.0925	83.6842
1	210	-1.79371	0.307357	27.5155	37.2013	83.4524
1	211	-1.92981	0.905213	41.4265	63.7528	30.6493
1	212	-1.93502	0.905142	36.751	61.1783	28.7028
1	213	-1.89052	0.741414	32.0805	80.2926	45.4883
1	214	-1.86626	0.626887	36.4988	132.876	55.3084
1	215	-1.8799	0.688169	32.5035	129.879	48.986
1	216	-1.90898	0.830214	39.7932	97.0608	37.7315
1	217	-1.91259	0.834407	36.2045	71.9312	36.9263
1	218	-1.86493	0.628022	28.3367	122.728	54.5917
1	219	-1.91985	0.847951	32.2167	85.8756	34.3881
1	220	-1.81868	0.351432	32.7732	92.4924	71.6591
1	221	-1.90149	0.801867	35.8918	108.343	40.6652
1	222	-1.80204	0.194443	26.1566	1.85571	73.1937
1	223	-1.83553	0.496188	27.0602	92.1243	66.2152
1	224	-1.75667	0.141166	16.9526	16.562	99.1384
1	225	-1.89899	0.780306	36.9309	101.154	42.4267
1	226	-1.83356	0.139961	21.8123	5.27749	58.4646
1	227	-1.8399	0.480925	28.3665	81.7228	63.4053
1	228	-1.81937	0.147116	27.0113	3.50582	67.3991
1	229	-1.8161	0.525082	27.6525	138.007	75.3668
1	230	-1.81924	0.0855109	21.7416	2.926	66.6913
1	231	-1.89343	0.747424	35.043	86.9424	44.6926
1	232	-1.93232	0.882139	32.5316	67.2758	29.6336
1	233	-1.86854	0.668122	43.0102	145.525	53.2618
1	234	-1.82415	0.0768162	21.0213	2.32357	65.2821
1	235	-1.83435	0.501761	31.7739	149.478	66.017
1	236	-1.86399	0.550138	25.0477	138.164	55.6186
1	237	-1.83436	0.0792669	20.012	4.88101	59.2996
1	238	-1.83386	0.260767	22.2982	6.36837	59.3025
1	239	-1.89701	0.780936	34.7836	78.9921	43.4017
1	240	-1.83623	0.521698	25.7266	74.7799	66.4792
1	241	-1.8088	0.0384025	24.5796	1.65662	70.6473
1	242	-1.92751	0.862583	34.9908	89.8874	30.0083
1	243	-1.81417	0.203776	24.808	3.65995	68.9465
1	244	-1.82903	0.110804	22.4334	4.17709	61.5615
1	245	-1.83137	0.46102	30.577	86.2534	66.2408
1	246	-1.80029	0.276443	23.6234	8.62226	76.1626
1	247	-1.84036	0.116584	20.0267	6.46541	55.9838
1	248	-1.81571	0.0488861	27.5056	1.36069	67.8911
1	249	-1.82987	0.393203	24.1219	130.852	68.8032
1	250	-1.82192	0.4299	29.7132	89.7541	71.332
1	251	-1.8286	0.411947	23.3093	8.67693	61.4422
1	252	-1.82412	0.367237	25.9666	120.469	70.0357
1	253	-1.92147	0.852376	29.1551	72.5009	32.7115
1	254	-1.89323	0.676245	24.0221	139.125	43.6654
1	255	-1.76678	0.0962353	16.2016	2.25442	98.7451
1	256	-1.82196	0.0640234	24.4842	0.818982	65.5664
1	257	-1.84125	0.238711	17.2146	10.7166	53.0156
1	258	-1.84904	0.523837	29.8485	135.845	60.9922
1	259	-1.88099	0.630652	25.1168	116.95	48.5521
1	260	-1.93513	0.901317	34.3538	64.8327	27.6154
1	261	-1.857	0.641983	31.3998	110.248	58.5939
1	262	-1.84101	0.119184	20.3545	2.29614	53.355
1	263	-1.86631	0.628408	30.9309	121.799	54.7338
1	264	-1.82379	0.3708	23.8846	120.55	72.2992
1	265	-1.92519	0.877972	39.2631	89.0798	31.2717
1	266	-1.93931	0.912091	36.3628	55.0995	27.4248
1	267	-1.81409	0.0557865	21.7176	3.27985	68.236
1	268	-1.84876	0.430639	25.9812	175.461	59.2985
1	269	-1.8267	0.175116	23.3406	9.7712	63.1487
1	270	-1.85737	0.582898	30.815	151.9	57.8
1	271	-1.88411	0.731541	36.4576	136.433	47.1255
1	272	-1.76216	0.0949449	15.9362	8.08873	96.0882
1	273	-1.93166	0.887312	34.1622	71.5725	28.2564
1	274	-1.89828	0.733257	32.3068	125.281	41.0219
1	275	-1.83621	0.564436	23.7874	96.3704	65.6145
1	276	-1.9471	0.92673	31.2759	51.4616	22.8841
1	277	-1.90768	0.782229	30.7306	94.9559	37.3321
1	278	-1.83683	0.316969	18.3904	5.7214	57.1043
1	279	-1.87231	0.618172	29.9269	135.74	51.1935
1	280	-1.92248	0.851554	34.6321	99.2202	33.9536
1	281	-1.91665	0.826357	32.446	92.1465	34.669
1	282	-1.83389	0.163134	17.9669	7.25587	58.8156
1	283	-1.87162	0.534382	25.3354	189.434	51.106
1	284	-1.80312	0.0430238	20.007	1.97022	74.8732
1	285	-1.92344	0.863	36.1426	95.108	32.0842
1	286	-1.89757	0.718798	29.3581	121.465	42.8531
1	287	-1.89683	0.713632	32.75	163.186	40.7003
1	288	-1.83312	0.252135	18.9767	6.01204	58.7882
1	289	-1.88684	0.6641	33.6251	172.462	46.5848
1	290	-1.83784	0.21925	17.9365	4.79836	57.0241
1	291	-1.825	0.0422294	20.2208	1.79544	63.055
1	292	-1.83431	0.178536	18.2022	8.74227	59.3596
1	293	-1.90316	0.748801	28.764	116.255	40.1263
1	294	-1.9187	0.848253	35.4905	96.9025	33.5204
1	295	-1.91947	0.799453	28.3681	103.895	33.4678
1	296	-1.91486	0.793568	31.404	112.417	35.8885
1	297	-1.84444	0.496065	29.8904	206.654	64.9798
1	298	-1.93008	0.869178	30.9385	69.9024	29.4094
1	299	-1.8917	0.696584	33.061	177.454	45.0635
1	300	-1.93732	0.892204	31.1751	74.0919	27.28
1	301	-1.76411	0.110291	14.2767	18.1526	97.5847
1	302	-1.83593	0.0842715	18.7442	6.38218	58.457
1	303	-1.90779	0.760392	27.5437	101.893	37.868
1	304	-1.93262	0.874618	34.7917	93.7622	28.4901
1	305	-1.8373	0.0396721	16.854	0.798943	56.9213
1	306	-1.84531	0.53759	29.7804	158.659	62.7908
1	307	-1.92792	0.860989	32.5091	83.2347	30.3127
1	308	-1.93485	0.873125	29.7398	69.0958	27.4838
1	309	-1.8366	0.210716	18.4828	5.52998	55.9547
1	310	-1.86757	0.584702	27.9855	150.319	53.2677
1	311	-1.84181	0.450691	25.9931	152.129	62.4984
1	312	-1.83046	0.0552444	16.5004	2.36563	61.3109
1	313	-1.83574	0.302153	18.6394	9.63215	54.2396
1	314	-1.76766	0.0651433	12.5474	3.13965	97.2771
1	315	-1.83049	0.0909722	17.3049	1.46564	60.1841
1	316	-1.83974	0.0593552	18.4159	3.12168	54.4272
1	317	-1.83112	0.138403	16.6181	3.77468	59.8139
1	318	-1.89855	0.778286	32.6435	122.837	42.4403
1	319	-1.83371	0.33808	18.0195	23.6942	56.4295
1	320	-1.82888	0.0764336	17.2071	2.33455	60.9188
1	321	-1.83281	0.0388941	18.3226	1.0656	59.8069
1	322	-1.91951	0.811168	31.4428	120.261	33.6522
1	323	-1.8438	0.0231347	15.2805	0.649588	54.387
1	324	-1.93428	0.875548	29.4163	68.6731	26.8086
1	325	-1.90498	0.721431	27.6305	139.88	38.9262
1	326	-1.88705	0.676695	28.9311	164.069	43.4877
1	327	-1.91089	0.791502	30.8132	117.172	36.0917
1	328	-1.96233	0.957611	22.9286	25.1372	17.3445
1	329	-1.83548	0.335634	16.4688	29.1621	57.6201
1	330	-1.90372	0.730208	27.279	132.097	39.2364
1	331	-1.83516	0.0679116	16.9848	2.92676	59.0816
1	332	-1.93099	0.842658	24.8588	73.481	28.0723
1	333	-1.85915	0.488108	21.7604	150.393	56.5796
1	334	-1.8337	0.225719	18.5553	10.4397	59.0719
1	335	-1.83703	0.0526642	15.6434	1.56076	59.0776
1	336	-1.84352	0.140022	14.8734	1.69406	52.1577
1	337	-1.82981	0.140089	18.4349	3.70395	59.4154
1	338	-1.84555	0.178413	15.2682	5.04739	50.7041
1	339	-1.83265	0.311759	15.6757	2.94131	61.3215
1	340	-1.77112	0.291143	11.1865	10.3459	95.8471
1	341	-1.8371	0.498794	14.2499	27.341	57.1965
1	342	-1.89923	0.682774	24.354	151.527	39.9854
1	343	-1.93549	0.8707	26.648	76.6323	27.1633
1	344	-1.90266	0.737736	30.4004	138.811	38.7413
1	345	-1.84614	0.421605	24.4819	174.555	60.3246
1	346	-1.93999	0.880275	24.6061	65.1046	24.9509
1	347	-1.89509	0.64656	27.5842	186.739	41.8617
1	348	-1.82427	0.373851	25.6345	140.749	68.1925
1	349	-1.82563	0.196042	19.1033	15.4032	61.4097
1	350	-1.91868	0.7774	27.786	153.749	33.4714
1	351	-1.9236	0.830791	29.2285	117.09	30.7293
1	352	-1.928	0.825675	24.7812	86.7677	29.3352
1	353	-1.81761	0.0848867	18.6413	3.15005	69.1303
1	354	-1.90478	0.695579	27.221	171.976	38.3814
1	355	-1.83965	0.119891	15.031	3.64648	55.7042
1	356	-1.84761	0.118915	13.7428	2.95714	52.5449
1	357	-1.9207	0.815109	24.1008	80.32	33.0616
1	358	-1.76648	0.129668	13.4626	10.0615	96.6816
1	359	-1.92866	0.834004	28.0652	95.5717	29.7883
1	360	-1.90921	0.761712	28.5592	144.406	38.0444
1	361	-1.91292	0.745862	27.4637	164.614	35.7756
1	362	-1.91106	0.724154	24.675	160.707	36.3011
1	363	-1.83877	0.234118	16.9708	5.02195	55.551
1	364	-1.91342	0.750536	27.329	127.506	34.522
1	365	-1.83498	0.275024	15.531	6.92335	58.6301
1	366	-1.91105	0.799553	26.5214	87.4575	35.5792
1	367	-1.76909	0.296087	12.5403	7.21714	96.3651
1	368	-1.87533	0.571953	24.4486	193.229	50.7364
1	369	-1.922	0.820461	27.1465	96.3048	32.561
1	370	-1.91173	0.742632	24.0406	153.878	35.7892
1	371	-1.90381	0.791489	29.8717	114.631	35.1968
1	372	-1.96091	0.95328	23.5079	30.8914	17.4328
1	373	-1.83881	0.383542	16.7725	18.6289	54.7855
1	374	-1.93501	0.868763	27.7575	82.0188	26.2433
1	375	-1.84079	0.255267	14.4132	9.17737	55.144
1	376	-1.91925	0.734781	21.495	165.589	32.9096
1	377	-1.83757	0.0611704	14.9267	1.32278	56.878
1	378	-1.83758	0.215979	18.173	2.28623	55.9841
1	379	-1.9022	0.748542	27.3142	128.135	39.7652
1	380	-1.92179	0.758737	23.0816	128.849	31.0526
1	381	-1.8478	0.0926969	12.079	7.18818	51.5932
1	382	-1.91493	0.753429	28.0642	151.925	34.5995
1	383	-1.92175	0.791103	26.0203	131.643	30.9243
1	384	-1.93553	0.854538	25.8323	87.6831	26.9062
1	385	-1.77476	0.0989188	9.08845	6.61882	91.3662
1	386	-1.83505	0.0430959	13.7777	1.08442	59.3964
1	387	-1.92647	0.830762	28.2743	110.767	29.7597
1	388	-1.95165	0.918148	25.1933	58.1919	20.5954
1	389	-1.93969	0.890328	27.8113	65.2635	25.2494
1	390	-1.91607	0.837487	35.3671	114.627	34.0897
1	391	-1.94313	0.868987	24.3146	88.5795	24.1074
1	392	-1.91707	0.772341	29.6253	144.892	34.3546
1	393	-1.92544	0.782872	22.4038	122.889	29.4173
1	394	-1.83383	0.0946923	14.704	4.35117	58.0558
1	395	-1.83859	0.165361	14.5222	3.75103	55.6051
1	396	-1.92662	0.820464	24.8965	101.725	29.5707
1	397	-1.92418	0.815998	29.2626	132.805	30.9597
1	398	-1.89254	0.660597	28.2193	185.357	42.2387
1	399	-1.83428	0.146591	17.2956	5.33795	57.3358
1	400	-1.94651	0.890987	21.8089	60.7428	22.6225
1	401	-1.92973	0.815505	24.1283	120.514	28.4564
1	402	-1.84743	0.148741	12.6032	2.22098	51.4428
1	403	-1.91546	0.770949	25.5282	119.687	34.4938
1	404	-1.83389	0.116559	14.549	14.7988	59.0149
1	405	-1.91875	0.774528	24.6859	139.142	33.9728
1	406	-1.94732	0.897389	25.94	72.0983	21.6158
1	407	-1.92955	0.829582	23.9869	94.0687	28.828
1	408	-1.84248	0.334308	14.1339	7.9522	54.5392
1	409	-1.84222	0.0411828	12.683	1.46949	54.3814
1	410	-1.84801	0.185695	13.216	4.85834	51.1634
1	411	-1.90418	0.716165	26.7224	162.321	38.7056
1	412	-1.91082	0.739633	25.8731	151.2	34.0121
1	413	-1.93502	0.850154	25.6245	97.5193	26.6489
1	414	-1.91822	0.754136	25.3691	153.414	33.5193
1	415	-1.83971	0.0908524	13.0167	3.77193	55.1349
1	416	-1.84213	0.275916	13.4677	6.08626	52.375
1	417	-1.92164	0.785288	27.1619	136.369	32.3693
1	418	-1.94938	0.899901	20.1657	60.0696	20.4402
1	419	-1.94215	0.876942	21.3414	65.9389	23.6993
1	420	-1.94771	0.904467	23.3225	59.52	21.9476
1	421	-1.8385	0.43285	14.7348	12.478	55.4513
1	422	-1.92162	0.75436	23.5575	140.094	31.5308
1	423	-1.95643	0.932937	23.9798	47.3802	19.0071
1	424	-1.94385	0.890354	21.262	53.3274	23.4033
1	425	-1.94075	0.866024	24.062	87.5569	25.04
1	426	-1.84651	0.0735446	14.6372	4.4669	51.7418
1	427	-1.92924	0.803287	21.9063	106.879	28.3677
1	428	-1.90398	0.736568	27.7149	140.654	37.5
1	429	-1.93672	0.832981	23.1361	99.8455	25.662
1	430	-1.84568	0.0526773	12.3417	2.84589	54.1791
1	431	-1.97354	0.969475	17.5269	19.5636	12.1671
1	432	-1.91476	0.730078	24.8934	177.087	33.963
1	433	-1.84763	0.0377425	13.7593	1.14435	51.1478
1	434	-1.95486	0.926526	21.5803	49.799	19.2673
1	435	-1.85251	0.305701	11.8198	11.6494	49.0943
1	436	-1.8489	0.181454	14.5953	5.1888	50.6904
1	437	-1.92402	0.839388	27.1748	96.8966	31.4577
1	438	-1.84267	0.337914	14.1138	6.87899	52.5913
1	439	-1.92848	0.794032	21.5213	121.215	29.4852
1	440	-1.84202	0.155125	14.2668	8.0929	53.0614
1	441	-1.84736	0.0792007	10.3141	3.96719	51.6281
1	442	-1.96923	0.957837	17.4753	23.7628	13.6244
1	443	-1.95285	0.92197	24.0908	61.3101	19.6185
1	444	-1.9386	0.864868	24.715	73.4253	25.3243
1	445	-1.88323	0.617975	27.1204	212.977	47.4652
1	446	-1.91669	0.742038	24.1003	153.095	33.4776
1	447	-1.83982	0.212159	13.3922	10.7867	56.6018
1	448	-1.92331	0.769933	24.6636	151.467	30.4688
1	449	-1.90393	0.72875	29.4499	177.873	37.7528
1	450	-1.91643	0.758881	25.0333	139.042	32.26
1	451	-1.8299	0.135316	13.7786	8.04952	59.8492
1	452	-1.84305	0.183396	11.5335	3.62289	54.1814
1	453	-1.893	0.654545	25.0678	203.962	42.66
1	454	-1.94801	0.899667	22.5426	65.389	20.7665
1	455	-1.90889	0.683739	22.2823	200.681	35.2066
1	456	-1.95891	0.934682	22.2537	53.4181	17.5175
1	457	-1.77577	0.236132	8.64598	5.88602	93.5711
1	458	-1.84579	0.100297	12.3854	1.14382	52.3406
1	459	-1.93327	0.843268	23.3465	84.3431	27.2397
1	460	-1.96256	0.941005	22.6728	54.4947	15.8457
1	461	-1.85019	0.262793	13.0494	19.6653	48.8547
1	462	-1.96338	0.945674	18.2701	32.4964	15.7273
1	463	-1.90036	0.654285	24.1096	211.722	39.0367
1	464	-1.94214	0.850504	21.8838	102.757	24.3448
1	465	-1.95405	0.921815	20.7731	48.9673	19.4538
1	466	-1.84214	0.212403	11.7504	7.08595	54.1888
1	467	-1.92343	0.754457	20.9692	158.568	30.5546
1	468	-1.85053	0.0810577	10.1324	4.72718	51.2115
1	469	-1.91518	0.71201	23.4091	192.702	34.7932
1	470	-1.93003	0.797923	22.6561	130.961	29.0021
1	471	-1.92418	0.77405	26.3337	168.97	30.4352
1	472	-1.93801	0.855026	24.8194	110.993	24.7521
1	473	-1.93165	0.783774	19.9847	143.742	28.1416
1	474	-1.94346	0.851116	18.4811	84.5539	23.8903
1	475	-1.93898	0.834992	20.3744	100.306	24.3011
1	476	-1.94412	0.869863	23.6673	85.1324	22.7647
1	477	-1.93522	0.819531	22.5695	116.122	26.9602
1	478	-1.9331	0.822416	22.5447	114.783	26.6883
1	479	-1.90813	0.693573	21.5195	167.933	36.5052
1	480	-1.84423	0.0922266	11.8242	2.50916	52.2875
1	481	-1.94904	0.878365	19.1221	77.1911	20.9272
1	482	-1.92866	0.832072	23.6634	93.897	29.417
1	483	-1.83419	0.0922179	13.5903	8.58808	57.7226
1	484	-1.92996	0.833499	24.6645	102.575	28.7934
1	485	-1.94996	0.900108	21.2128	66.0565	21.2845
1	486	-1.85065	0.224316	10.8702	9.20651	49.9733
1	487	-1.85277	0.100975	9.96157	2.86012	49.0739
1	488	-1.85293	0.0557249	10.6031	2.39796	48.6803
1	489	-1.84726	0.0462474	11.8125	1.16881	51.7157
1	490	-1.92491	0.764247	22.9373	154.092	30.5755
1	491	-1.84638	0.250211	12.3092	7.19258	49.336
1	492	-1.915	0.717449	25.6979	191.283	33.5061
1	493	-1.92187	0.762023	22.0554	163.826	31.5598
1	494	-1.84922	0.40371	12.9072	22.3553	47.0202
1	495	-1.77479	0.0506187	9.12601	2.24203	94.0081
1	496	-1.95015	0.88213	20.7893	79.5528	20.8629
1	497	-1.84721	0.331909	13.8537	12.5438	49.5553
1	498	-1.84584	0.0804618	11.769	3.11739	52.4639
1	499	-1.90179	0.645143	24.2608	227.495	38.3487
1	500	-1.91933	0.746888	24.7246	168.064	31.866
1	501	-1.9062	0.68621	23.8506	184.033	37.4032
1	502	-1.92356	0.778048	24.1628	146.849	30.9263
1	503	-1.91574	0.723509	23.5286	177.279	33.2207
1	504	-1.84905	0.047872	11.9818	1.25584	49.5933
1	505	-1.95464	0.919052	19.3245	43.9289	19.6911
1	506	-1.93736	0.871638	25.7131	95.2473	25.2154
1	507	-1.93203	0.845256	24.4495	95.321	27.4379
1	508	-1.94872	0.908238	22.2758	52.3589	21.252
1	509	-1.90979	0.725393	23.2452	169.132	36.723
1	510	-1.94594	0.865201	21.4302	83.9224	22.0863
1	511	-1.90421	0.727331	25.6129	162.099	38.544
1	512	-1.85011	0.265935	11.8912	4.96886	48.8887
1	513	-1.85639	0.335863	9.49452	13.7724	45.4639
1	514	-1.93121	0.788123	21.1049	136.306	27.3249
1	515	-1.94075	0.87834	25.0745	86.475	24.2874
1	516	-1.9477	0.873711	20.3104	81.3841	21.8973
1	517	-1.94206	0.853936	23.1523	112.525	23.7002
1	518	-1.77792	0.156207	8.05876	17.4415	92.7124
1	519	-1.9351	0.781681	19.9024	160.877	25.4181
1	520	-1.96013	0.914538	18.3684	64.0914	16.1769
1	521	-1.97269	0.969458	18.6533	22.6553	11.8369
1	522	-1.96955	0.960613	19.0333	33.0516	13.4406
1	523	-1.96041	0.934402	18.6336	39.2683	16.6501
1	524	-1.84125	0.0990029	12.9312	8.70317	54.6355
1	525	-1.94323	0.86519	21.8364	88.3043	23.7429
1	526	-1.85193	0.282044	12.5703	6.35148	48.4316
1	527	-1.94909	0.901857	22.6971	72.879	21.1499
1	528	-1.84801	0.427514	12.316	28.6224	50.7121
1	529	-1.91664	0.760241	23.0331	143.863	33.1096
1	530	-1.85313	0.101514	9.33709	4.79931	48.1623
1	531	-1.94224	0.865699	19.782	84.1923	23.7778
1	532	-1.84714	0.165604	11.8543	8.15165	51.4624
1	533	-1.94136	0.848471	20.1921	94.3348	23.4672
1	534	-1.8999	0.634085	20.2911	197.59	38.7678
1	535	-1.9576	0.902418	19.2408	65.4725	18.114
1	536	-1.85347	0.271588	9.55058	9.62978	48.0149
1	537	-1.84915	0.159451	9.91193	7.94353	50.5196
1	538	-1.96003	0.932672	21.2552	53.9929	16.3011
1	539	-1.92109	0.753933	24.0795	182.09	31.6419
1	540	-1.9093	0.744433	27.3259	183.29	36.5352
1	541	-1.94069	0.842585	21.0371	99.2315	23.8004
1	542	-1.85179	0.0518658	9.98414	2.32408	50.8672
1	543	-1.9619	0.931218	18.2217	48.3893	16.1197
1	544	-1.85483	0.129299	9.18608	13.1591	46.6783
1	545	-1.92709	0.741878	19.59	187.089	29.4917
1	546	-1.94516	0.865293	20.989	87.5665	22.9615
1	547	-1.95739	0.914744	19.5355	68.648	17.3565
1	548	-1.83287	0.220125	11.3714	8.51149	59.7172
1	549	-1.94913	0.894447	21.0728	69.8705	20.8215
1	550	-1.93967	0.835914	20.4933	109.937	24.2364
1	551	-1.83305	0.0713725	12.2819	2.20707	59.6152
1	552	-1.95553	0.892722	17.3233	64.1479	18.3478
1	553	-1.96686	0.940802	15.8526	43.2502	14.1501
1	554	-1.96574	0.947191	17.19	32.6143	14.2455
1	555	-1.84804	0.106392	11.5332	5.59457	50.4018
1	556	-1.85685	0.158527	9.53725	3.08747	44.8759
1	557	-1.84618	0.147783	11.6823	3.85275	50.5332
1	558	-1.85054	0.153703	10.0419	4.58744	50.3566
1	559	-1.96176	0.917111	17.4927	61.2469	15.8748
1	560	-1.96429	0.93867	17.2861	40.3137	15.0482
1	561	-1.94319	0.835426	20.7772	124.65	22.975
1	562	-1.94594	0.852549	18.3197	85.3417	21.9413
1	563	-1.94685	0.86631	17.0195	79.1682	22.5719
1	564	-1.93217	0.834732	24.6575	129.572	28.773
1	565	-1.96699	0.937438	14.4848	33.0595	14.1628
1	566	-1.96075	0.917533	16.9199	46.8658	16.4152
1	567	-1.90347	0.658673	23.3378	216.88	38.2451
1	568	-1.95081	0.878752	20.4153	111.386	20.2025
1	569	-1.85336	0.239804	9.87744	3.85502	48.2109
1	570	-1.91122	0.74316	25.856	188.781	35.4123
1	571	-1.95473	0.915604	20.5506	62.656	19.0806
1	572	-1.9463	0.860299	19.5594	93.0699	22.2762
1	573	-1.93425	0.769367	19.5205	190.911	26.4555
1	574	-1.94676	0.86321	19.5728	92.4069	21.5627
1	575	-1.94448	0.856426	20.8995	107.03	23.1896
1	576	-1.8437	0.397374	11.8326	20.5837	52.0104
1	577	-1.9469	0.858403	18.1018	92.3571	22.4194
1	578	-1.94751	0.871352	19.7276	93.8922	22.0588
1	579	-1.95562	0.917161	21.0886	66.191	18.5786
1	580	-1.94487	0.852856	20.328	103.628	22.2259
1	581	-1.93247	0.788395	20.3821	152.25	27.3632
1	582	-1.94665	0.852899	16.5697	81.7221	20.9227
1	583	-1.94696	0.888864	22.1972	82.2242	21.4683
1	584	-1.91957	0.698243	19.6783	210.825	31.2089
1	585	-1.84566	0.467705	23.3084	237.896	64.1419
1	586	-1.83985	0.0272952	12.0544	0.476656	55.2679
1	587	-1.85162	0.0864651	10.0164	4.77663	49.4532
1	588	-1.84105	0.154892	12.2492	11.1452	55.3044
1	589	-1.95119	0.874219	16.051	76.0203	20.1834
1	590	-1.95956	0.918676	17.4819	57.7758	16.3424
1	591	-1.84679	0.42486	11.873	14.8894	52.1371
1	592	-1.94215	0.852021	19.1216	98.9942	23.5473
1	593	-1.85361	0.195913	10.2601	2.08137	47.5481
1	594	-1.96474	0.940867	16.8996	43.0027	14.468
1	595	-1.91651	0.70791	21.5575	203.212	32.4387
1	596	-1.96282	0.926865	17.6528	56.6573	15.7366
1	597	-1.94147	0.845247	19.6562	102.754	23.9765
1	598	-1.93751	0.806522	19.4527	160.933	26.1572
1	599	-1.78122	0.157074	6.40671	13.2439	92.1185
1	600	-1.93338	0.828119	21.5596	116.624	26.275
1	601	-1.90623	0.716905	21.4572	168.624	37.2479
1	602	-1.94093	0.847411	20.2094	98.9124	24.3821
1	603	-1.85842	0.182846	8.4612	4.81409	45.1509
1	604	-1.84521	0.212647	9.88857	5.1516	52.5265
1	605	-1.85301	0.0540806	10.1466	1.69997	49.1091
1	606	-1.85127	0.168672	9.83392	11.2622	48.8086
1	607	-1.83919	0.215671	12.3984	6.66327	53.6227
1	608	-1.97048	0.954262	15.1841	31.5949	12.5296
1	609	-1.95584	0.902016	17.2874	64.2399	17.8342
1	610	-1.9707	0.955709	15.2046	25.4245	13.0475
1	611	-1.93723	0.829349	18.9771	117.325	25.5974
1	612	-1.93996	0.853734	20.0324	96.5506	24.8562
1	613	-1.84655	0.150803	11.1236	8.76293	52.1191
1	614	-1.84635	0.0855436	10.2354	4.24436	49.9528
1	615	-1.84231	0.0624919	9.56337	2.64603	54.374
1	616	-1.95779	0.908862	17.4833	62.4166	17.7646
1	617	-1.85236	0.0983813	9.57917	7.9705	47.8963
1	618	-1.96703	0.946756	17.4387	41.4571	14
1	619	-1.85262	0.0625323	8.43214	2.13088	48.832
1	620	-1.95618	0.917885	19.8717	60.9815	17.9597
1	621	-1.84792	0.29414	11.1622	4.27195	49.3188
1	622	-1.9282	0.721439	18.1268	216.89	28.5322
1	623	-1.94226	0.814757	19.7332	147.42	22.939
1	624	-1.94154	0.81892	20.7502	151.214	22.9519
1	625	-1.93251	0.796472	18.4513	122.852	27.576
1	626	-1.94123	0.802244	18.6056	161.486	23.8802
1	627	-1.96158	0.923545	16.5671	52.0685	16.429
1	628	-1.95183	0.882496	19.9882	87.5795	19.7389
1	629	-1.94157	0.839042	20.1217	113.623	23.4452
1	630	-1.95777	0.895796	15.3188	66.0164	16.9143
1	631	-1.97302	0.956492	13.7087	25.7404	11.7892
1	632	-1.84834	0.231038	11.3551	11.8166	50.7025
1	633	-1.91789	0.707927	21.9458	239.143	32.5118
1	634	-1.92826	0.787401	24.6265	174.459	29.7256
1	635	-1.95066	0.881276	20.35	94.3931	20.2614
1	636	-1.96022	0.911162	17.5654	66.1798	16.3522
1	637	-1.96703	0.944757	17.9452	44.0666	14.3124
1	638	-1.84975	0.218629	9.35344	21.0318	49.594
1	639	-1.85051	0.407764	10.0092	12.4983	49.3521
1	640	-1.94752	0.867475	18.6217	90.7782	21.4078
1	641	-1.96759	0.946593	17.1397	39.8825	13.5679
1	642	-1.85347	0.276649	9.91611	6.8282	47.9751
1	643	-1.8539	0.381674	8.54666	20.5289	47.7994
1	644	-1.8613	0.273672	6.91222	7.73234	43.5233
1	645	-1.85019	0.237715	9.24509	10.2286	50.1752
1	646	-1.93627	0.787695	20.4894	163.942	25.8731
1	647	-1.85062	0.222799	9.35232	5.881	48.7759
1	648	-1.83769	0.331235	12.9465	20.476	55.0386
1	649	-1.85852	0.272864	8.50374	4.99108	45.1864
1	650	-1.96651	0.931575	15.505	48.9788	13.5938
1	651	-1.84982	0.187876	8.81939	4.3886	48.6974
1	652	-1.93557	0.802153	20.8986	155.739	25.9755
1	653	-1.85113	0.0829345	9.90036	2.15219	48.1593
1	654	-1.94126	0.841697	19.2423	111.465	23.2462
1	655	-1.93855	0.79817	17.5611	146.654	24.1008
1	656	-1.77968	0.107546	6.93072	8.46135	91.5137
1	657	-1.97613	0.968362	14.1407	23.465	10.2511
1	658	-1.84847	0.0942002	9.34636	6.0809	49.7249
1	659	-1.9622	0.929678	17.6046	49.7264	15.3596
1	660	-1.9456	0.858042	20.4391	108.96	22.3515
1	661	-1.85085	0.48937	10.4388	21.804	49.1225
1	662	-1.95191	0.876937	17.2034	101.134	20.0529
1	663	-1.96546	0.93197	15.9099	51.6834	14.6833
1	664	-1.85458	0.12129	8.28673	6.60642	46.372
1	665	-1.8465	0.0770921	9.84601	9.64895	51.2271
1	666	-1.85197	0.106798	10.6385	3.6008	48.2327
1	667	-1.93695	0.797927	18.7213	161.032	24.5682
1	668	-1.97024	0.940079	13.5024	37.1512	12.8608
1	669	-1.94105	0.811706	19.7637	149.073	23.7818
1	670	-1.85447	0.0487463	8.66223	1.74369	47.6224
1	671	-1.93098	0.75883	19.1658	192.426	27.6215
1	672	-1.93171	0.805069	23.5787	143.653	26.6533
1	673	-1.84721	0.0944447	8.59153	6.44131	51.0074
1	674	-1.93785	0.806823	19.506	152.619	25.1617
1	675	-1.97129	0.95052	13.2716	32.1579	12.3067
1	676	-1.85617	0.417189	7.91557	18.1621	45.9808
1	677	-1.92695	0.764191	20.9318	168.159	28.4993
1	678	-1.95306	0.880859	19.6729	98.7685	19.469
1	679	-1.96791	0.941915	15.7238	43.4121	13.6406
1	680	-1.85187	0.172267	10.4842	5.34792	48.625
1	681	-1.84923	0.0595283	10.4133	2.81413	49.4802
1	682	-1.94221	0.844342	19.2261	123.092	23.8607
1	683	-1.85791	0.0542094	8.15279	2.70702	44.6881
1	684	-1.84072	0.0591923	9.58799	2.85618	55.1564
1	685	-1.94764	0.872035	19.4499	89.3624	21.0131
1	686	-1.8502	0.0511443	9.22804	2.57973	50.0204
1	687	-1.85887	0.634203	8.24676	14.2186	44.3916
1	688	-1.9384	0.794063	17.259	157.185	24.3677
1	689	-1.85114	0.162865	9.38968	2.69245	48.2598
1	690	-1.92333	0.767187	21.368	163.861	31.8333
1	691	-1.95076	0.879821	17.8054	81.2991	20.0492
1	692	-1.8545	0.211859	9.60018	40.8105	46.6749
1	693	-1.96569	0.934389	14.0309	40.0757	14.2886
1	694	-1.95956	0.907487	17.1431	72.5753	16.7406
1	695	-1.84733	0.210915	11.1381	6.15113	50.0619
1	696	-1.87423	0.590535	14.855	104.373	41.8089
1	697	-1.96382	0.932141	15.59	45.6775	14.7776
1	698	-1.9634	0.925013	15.0478	50.4475	15.3152
1	699	-1.85445	0.131345	7.83238	14.4401	46.907
1	700	-1.97169	0.948454	12.6093	27.8239	11.6471
1	701	-1.96898	0.954082	17.7133	35.8353	13.3252
1	702	-1.92816	0.7475	19.8171	192.702	27.6937
1	703	-1.85276	0.432415	9.47105	11.9773	47.8819
1	704	-1.95162	0.859261	16.5347	107.804	19.1705
1	705	-1.93812	0.833108	18.403	104.387	25.4837
1	706	-1.95233	0.853415	16.0574	123.321	19.085
1	707	-1.96255	0.919583	14.5772	53.1603	15.6634
1	708	-1.95543	0.884981	15.6361	79.2197	18.1073
1	709	-1.84899	0.111241	9.42966	3.90594	50.8547
1	710	-1.95252	0.860292	17.334	104.745	18.5577
1	711	-1.85132	0.361085	8.32919	4.90791	49.0745
1	712	-1.95433	0.867453	16.6868	101.96	18.5548
1	713	-1.93898	0.84185	20.5393	115.723	24.6858
1	714	-1.96658	0.926949	15.5317	61.5536	14.2661
1	715	-1.85482	0.412035	8.4128	9.53601	45.8126
1	716	-1.78036	0.113671	5.58489	9.08993	90.7584
1	717	-1.94629	0.840171	18.3051	121.702	22.1269
1	718	-1.85129	0.225561	10.1755	4.48361	49.9067
1	719	-1.954	0.875163	17.4918	94.4993	18.1794
1	720	-1.85337	0.256009	8.05058	10.1157	48.3944
1	721	-1.95648	0.881051	16.5904	94.2555	17.3426
1	722	-1.95093	0.860599	17.3905	109.533	19.7368
1	723	-1.94875	0.849922	18.7387	129.579	20.3029
1	724	-1.96397	0.924021	16.948	66.8122	15.3108
1	725	-1.96132	0.900978	13.4291	67.1856	15.891
1	726	-1.94617	0.831656	18.0232	141.236	21.5758
1	727	-1.96682	0.937397	16.5451	54.1553	13.8281
1	728	-1.97249	0.944245	11.3737	32.9901	11.3489
1	729	-1.97102	0.951115	13.2869	27.4097	12.4294
1	730	-1.97172	0.956962	15.3889	35.3759	12.3123
1	731	-1.95578	0.902878	17.7574	75.4595	18.5622
1	732	-1.88323	0.619966	23.565	234.735	48.4208
1	733	-1.85766	0.475113	8.24446	18.7665	44.7026
1	734	-1.86073	0.292665	7.30552	17.9477	43.7248
1	735	-1.85583	0.332386	8.73485	7.96967	46.7932
1	736	-1.96486	0.927768	16.874	64.5908	14.5625
1	737	-1.9484	0.852329	18.0327	127.78	21.2524
1	738	-1.85272	0.239881	8.089	4.74637	49.4851
1	739	-1.85818	0.0756884	8.81786	4.308	43.8078
1	740	-1.96327	0.915073	16.0018	71.4323	15.0838
1	741	-1.94493	0.82323	16.8928	138.539	22.5506
1	742	-1.9763	0.963352	12.0314	29.2382	10.0593
1	743	-1.9386	0.814335	20.1128	146.029	24.5895
1	744	-1.85807	0.487613	8.46063	39.1139	43.9597
1	745	-1.96464	0.926614	14.7408	44.2374	14.5664
1	746	-1.9661	0.922267	13.4862	54.9805	14.1421
1	747	-1.92142	0.713112	20.4211	208.963	30.7349
1	748	-1.78201	0.18889	5.68019	17.3367	90.1511
1	749	-1.85379	0.222952	7.0892	20.3383	48.5915
1	750	-1.97127	0.947545	14.4013	47.4791	12.268
1	751	-1.9463	0.822983	16.0576	140.417	21.498
1	752	-1.85119	0.0353524	9.37414	1.16832	49.3551
1	753	-1.96119	0.90155	13.7012	62.8208	15.8141
1	754	-1.85951	0.432041	7.00785	6.33785	44.9748
1	755	-1.9483	0.838608	17.2295	122.582	20.5232
1	756	-1.85358	0.314706	7.93338	5.16943	48.1667
1	757	-1.85513	0.2802	8.5446	6.30545	46.3157
1	758	-1.85566	0.0985323	8.13057	5.44738	47.2493
1	759	-1.97299	0.943577	11.5116	41.8839	11.8221
1	760	-1.94172	0.840551	19.6906	131.303	23.5842
1	761	-1.85168	0.212715	8.24551	15.28	49.2326
1	762	-1.85199	0.136304	8.99613	6.32718	49.3845
1	763	-1.85615	0.31287	8.17614	6.55232	46.3132
1	764	-1.96461	0.923649	14.279	50.0671	14.7408
1	765	-1.95966	0.897974	13.4598	62.2553	16.1895
1	766	-1.96498	0.930379	16.414	58.5646	14.2755
1	767	-1.85675	0.15191	9.15537	5.0185	45.605
1	768	-1.85219	0.247879	8.68657	4.44225	48.0703
1	769	-1.85372	0.345011	8.75946	16.5571	47.9506
1	770	-1.95458	0.878688	17.1572	93.2892	18.7636
1	771	-1.85905	0.136949	7.18412	5.98571	45.0571
1	772	-1.84475	0.224556	9.11679	4.45287	50.6036
1	773	-1.94513	0.820614	16.9294	138.671	21.4774
1	774	-1.85071	0.435163	9.36291	19.8666	48.9018
1	775	-1.85365	0.0836532	7.60357	3.6421	47.9174
1	776	-1.97145	0.941769	13.1191	47.1693	11.7539
1	777	-1.95168	0.85783	16.7582	116.264	19.5032
1	778	-1.9592	0.914038	14.9075	45.9477	16.7879
1	779	-1.95645	0.904438	18.2061	71.9989	17.6829
1	780	-1.97488	0.951681	11.6891	34.1656	10.8231
1	781	-1.97532	0.955346	12.208	36.7747	10.5659
1	782	-1.93499	0.795312	19.1737	151.971	25.4425
1	783	-1.97625	0.966791	13.7464	26.3233	10.0319
1	784	-1.96953	0.943862	13.7471	37.5499	13.0944
1	785	-1.85351	0.170067	7.66312	21.0295	47.4955
1	786	-1.85633	0.242615	8.65043	11.4243	44.9682
1	787	-1.96923	0.94354	14.4002	41.0178	12.6836
1	788	-1.8555	0.145322	7.40004	7.89965	47.0152
1	789	-1.94708	0.842107	18.8115	139.196	22.0545
1	790	-1.85778	0.102223	6.88944	7.0652	46.3684
1	791	-1.9575	0.889455	15.8868	89.96	16.6903
1	792	-1.94818	0.826542	14.9303	137.421	20.2942
1	793	-1.85647	0.115646	7.66744	7.43636	45.6595
1	794	-1.86119	0.22707	6.92935	9.4241	43.5025
1	795	-1.86043	0.0301179	6.49235	0.578868	44.356
1	796	-1.94915	0.843563	16.0538	132.886	20.4121
1	797	-1.85559	0.190634	7.62615	2.57187	46.2409
1	798	-1.95892	0.893827	15.5188	85.736	16.6241
1	799	-1.85839	0.536758	7.35451	11.9894	43.8273
1	800	-1.85117	0.123952	8.41404	8.61196	48.9438
1	801	-1.96614	0.931213	15.7308	52.0702	13.9313
1	802	-1.96397	0.928563	17.1477	64.8784	14.5062
1	803	-1.85501	0.354813	8.08218	14.5559	46.9278
1	804	-1.97443	0.962786	13.3932	26.1326	10.9055
1	805	-1.97751	0.9658	12.0839	26.4138	9.41988
1	806	-1.85459	0.0887298	7.9846	6.17631	46.861
1	807	-1.96802	0.928725	13.7789	52.4625	13.1908
1	808	-1.85559	0.0971473	6.9422	5.46217	46.6559
1	809	-1.97235	0.953184	14.4998	36.8152	11.3115
1	810	-1.97313	0.942586	11.835	41.731	11.3333
1	811	-1.96946	0.930393	12.4936	49.6038	12.8829
1	812	-1.86212	0.105724	5.95418	4.09776	43.6256
1	813	-1.96823	0.945135	16.3137	45.3135	13.23
1	814	-1.94752	0.852019	20.4272	131.362	20.9644
1	815	-1.94794	0.840681	17.3999	130.407	20.4442
1	816	-1.8583	0.266095	8.45387	9.88379	44.9154
1	817	-1.96408	0.912899	13.9084	59.6223	14.4174
1	818	-1.97521	0.960993	12.835	26.9478	10.4597
1	819	-1.96165	0.910382	15.8584	71.8117	16.0061
1	820	-1.97946	0.972995	12.4664	20.3685	8.93415
1	821	-1.94714	0.831684	16.7276	123.488	21.1242
1	822	-1.95598	0.891528	16.3784	81.8342	18.444
1	823	-1.95247	0.863405	18.6308	123.369	19.2734
1	824	-1.85832	0.210501	7.55638	8.5559	44.6383
1	825	-1.85786	0.22295	7.13971	21.9182	45.3467
1	826	-1.94574	0.830475	19.1211	151.591	21.7421
1	827	-1.9699	0.933336	12.586	49.1392	12.6058
1	828	-1.94704	0.826713	17.2713	152.509	21.0072
1	829	-1.85666	0.246592	7.6597	7.29653	45.3004
1	830	-1.8592	0.22309	7.78739	6.60026	43.8614
1	831	-1.96517	0.912095	14.1029	66.3951	14.4621
1	832	-1.8531	0.237809	6.99056	51.8975	49.2488
1	833	-1.97202	0.956071	14.458	33.7639	12.0696
1	834	-1.95522	0.86234	14.2836	107.285	17.8825
1	835	-1.97266	0.952659	12.5512	32.1903	11.1892
1	836	-1.85979	0.394568	7.08024	10.1327	44.1376
1	837	-1.95216	0.876452	17.4535	98.5364	19.276
1	838	-1.93969	0.79611	19.2824	174.993	22.747
1	839	-1.96274	0.916234	15.4766	58.6669	15.2431
1	840	-1.97921	0.969893	10.7419	18.828	8.95952
1	841	-1.95877	0.906946	14.9991	56.2185	16.4756
1	842	-1.95101	0.859803	15.0253	94.0541	19.5938
1	843	-1.9641	0.924996	16.6789	61.0753	14.4365
1	844	-1.96835	0.932011	13.1615	49.1157	12.5509
1	845	-1.94728	0.832617	16.7149	149.405	21.4154
1	846	-1.85702	0.130668	6.6407	6.60352	45.747
1	847	-1.94927	0.843217	15.5165	116.969	20.562
1	848	-1.95286	0.867653	17.2178	110.863	18.9929
1	849	-1.96817	0.923037	12.5021	53.6959	13.2332
1	850	-1.94399	0.83566	18.7665	145.601	22.4035
1	851	-1.95874	0.8913	16.419	84.4364	17.1128
1	852	-1.85947	0.202893	6.6454	34.5167	44.7688
1	853	-1.85674	0.284834	8.08332	16.2305	44.9367
1	854	-1.95831	0.869958	14.4543	113.356	17.1112
1	855	-1.95263	0.852289	15.3692	123.001	19.048
1	856	-1.95547	0.891488	16.5538	86.0595	17.8914
1	857	-1.96749	0.910458	12.8171	76.2881	13.1225
1	858	-1.86108	0.189244	5.37653	12.4217	44.1993
1	859	-1.94613	0.812216	16.7098	165.475	21.0314
1	860	-1.96721	0.93135	14.9297	55.5655	13.0791
1	861	-1.97093	0.947343	14.0509	38.1134	12.5296
1	862	-1.9659	0.926974	13.9477	50.7306	14.2819
1	863	-1.95499	0.881178	14.8716	83.1948	18.5029
1	864	-1.96415	0.919316	14.2385	59.8264	14.6771
1	865	-1.85635	0.0490925	8.06984	2.1878	45.8243
1	866	-1.97186	0.93693	10.8701	38.3574	11.56
1	867	-1.96189	0.903267	13.1912	70.5981	15.4683
1	868	-1.97925	0.972074	11.0377	20.7723	8.68548
1	869	-1.9611	0.899028	14.6974	80.3248	16
1	870	-1.78522	0.146036	3.72891	15.3994	89.9874
1	871	-1.96012	0.901092	15.5164	76.5927	16.3146
1	872	-1.85413	0.255846	7.5569	8.51981	47.2213
1	873	-1.95144	0.8664	17.7556	107.48	19.2279
1	874	-1.96579	0.913889	12.1239	59.5978	13.6053
1	875	-1.86244	0.235213	5.2126	12.1299	43.5817
1	876	-1.96263	0.902613	14.5845	74.5324	15.4737
1	877	-1.85669	0.103989	6.50338	2.71617	45.7936
1	878	-1.98314	0.979193	9.39073	13.8581	7.46355
1	879	-1.97486	0.960357	12.8197	27.5408	10.3845
1	880	-1.85984	0.365037	5.9069	8.75821	44.2852
1	881	-1.8557	0.210262	7.52195	14.1038	47.1192
1	882	-1.95979	0.892343	14.9508	82.9177	16.0748
1	883	-1.95402	0.873134	14.6215	91.2121	18.2616
1	884	-1.85887	0.0871097	6.84877	5.79766	44.3971
1	885	-1.9697	0.940698	13.8182	40.8056	12.3955
1	886	-1.85433	0.111785	7.63259	9.50422	46.8679
1	887	-1.98238	0.980168	11.1935	15.4518	7.71477
1	888	-1.85573	0.271372	7.24352	5.68832	46.8919
1	889	-1.97307	0.946378	11.4036	35.853	11.2216
1	890	-1.94953	0.860139	18.0684	113.402	20.1213
1	891	-1.85923	0.100832	6.16276	3.66291	45.3939
1	892	-1.85951	0.149937	6.07902	4.99351	44.6435
1	893	-1.85852	0.153424	6.50408	10.1992	45.0482
1	894	-1.85859	0.0673504	6.05548	2.88125	45.745
1	895	-1.97141	0.945887	12.5839	38.9134	11.6849
1	896	-1.86015	0.415024	6.47884	10.1955	44.1071
1	897	-1.85421	0.103776	7.50149	4.96929	46.204
1	898	-1.96063	0.897515	13.4258	73.9938	15.8541
1	899	-1.97753	0.9653	10.6566	24.2239	9.21023
1	900	-1.85824	0.186635	7.85841	12.903	43.6178
1	901	-1.85912	0.34538	7.53161	12.9264	43.8879
1	902	-1.85951	0.246584	6.74074	16.5618	45.2395
1	903	-1.96045	0.896683	14.9961	84.7063	16.2946
1	904	-1.85963	0.138632	6.01129	3.00421	44.8905
1	905	-1.96723	0.906931	10.955	67.4549	13.0066
1	906	-1.96465	0.902125	12.3377	81.1146	14.5199
1	907	-1.96811	0.921745	12.6263	62.1493	13.1654
1	908	-1.95079	0.847614	14.7874	118.323	19.4934
1	909	-1.96081	0.89451	14.1584	82.3491	15.8009
1	910	-1.86013	0.0812376	6.42564	4.11637	43.9143
1	911	-1.97297	0.94461	10.7462	36.0465	11.4896
1	912	-1.96843	0.940247	14.3171	43.6787	13.0318
1	913	-1.97705	0.958042	10.8194	26.7631	9.84556
1	914	-1.95273	0.870803	14.9361	94.8062	18.6751
1	915	-1.96964	0.926514	10.6751	47.3163	12.5902
1	916	-1.94672	0.808403	15.4498	167.724	20.8603
1	917	-1.90604	0.669965	18.0725	156.654	32.8288
1	918	-1.95973	0.882711	14.3848	99.3214	16.2963
1	919	-1.9755	0.953505	10.4081	29.9815	10.3993
1	920	-1.96775	0.918183	12.7983	66.674	13.013
1	921	-1.97124	0.938431	11.8583	49.5566	11.7828
1	922	-1.85956	0.149123	6.45604	9.87257	43.2462
1	923	-1.96111	0.884531	13.7074	92.2389	15.3413
