1	1	-2	1	0	0	0
1	2	-2	1	0	0	0
1	3	-1.98667	0.996667	0.0355556	0.00222222	1
1	4	-1.995	0.99875	0.03	0.001875	0.25
1	5	-2	1	0	0	0
1	6	-1.99667	0.999167	0.0222222	0.00138889	0.333333
1	7	-2	1	0	0	0
1	8	-1.995	0.99875	0.03	0.001875	0.25
1	9	-2	1	0	0	0.222222
1	10	-2	1	0	0	0
1	11	-2	1	0	0	0.363636
1	12	-2	1	0	0	0.5
1	13	-2	1	0	0	0
1	14	-2	1	0	0	0.285714
1	15	-1.99333	0.998333	0.0568889	0.00355556	0.733333
1	16	-2	1	0	0	0.125
1	17	-2	1	0	0	0
1	18	-1.99556	0.998889	0.0454321	0.00283951	0.388889
1	19	-2	1	0	0	0
1	20	-1.997	0.99925	0.0204	0.001275	0.4
1	21	-1.9981	0.999524	0.0137868	0.000861678	0.285714
1	22	-1.99909	0.999773	0.00694215	0.000433884	0.181818
1	23	-1.99913	0.999783	0.00665406	0.000415879	0.26087
1	24	-1.9975	0.999375	0.0175	0.00109375	0.166667
1	25	-1.9968	0.9992	0.021504	0.001344	0.32
1	26	-1.99346	0.998269	0.0521302	0.00380178	0.461538
1	27	-2	1	0	0	0.0740741
1	28	-1.99643	0.999107	0.0234694	0.00146684	0.321429
1	29	-1.99931	0.999828	0.00532699	0.000332937	0.0689655
1	30	-1.996	0.999	0.0469333	0.00293333	0.466667
1	31	-1.99806	0.999516	0.0139854	0.000874089	0.258065
1	32	-1.99937	0.999844	0.00484375	0.000302734	0.125
1	33	-1.99636	0.999091	0.0334986	0.00209366	0.545455
1	34	-1.99471	0.998676	0.0311419	0.00194637	0.264706
1	35	-1.99657	0.999143	0.0318694	0.00199184	0.4
1	36	-1.99556	0.998889	0.0365432	0.00228395	0.611111
1	37	-1.99514	0.998784	0.0294522	0.00184076	0.432432
1	38	-1.99447	0.998553	0.0477839	0.00363573	0.421053
1	39	-1.99692	0.999231	0.0208284	0.00130178	0.205128
1	40	-1.99475	0.998625	0.041975	0.00299375	0.375
1	41	-1.99659	0.999146	0.0382629	0.00239143	0.292683
1	42	-1.99595	0.998929	0.0401134	0.00311224	0.47619
1	43	-1.99767	0.999419	0.0238832	0.0014927	0.139535
1	44	-1.99909	0.999773	0.00694215	0.000433884	0.25
1	45	-1.99556	0.998889	0.0347654	0.00217284	0.222222
1	46	-1.99783	0.999457	0.0155009	0.000968809	0.173913
1	47	-1.9966	0.999149	0.0225985	0.0014124	0.255319
1	48	-1.99583	0.998958	0.0263889	0.00164931	0.333333
1	49	-1.99796	0.99949	0.0146606	0.000916285	0.244898
1	50	-1.9966	0.9991	0.024976	0.001876	0.38
1	51	-1.99745	0.999314	0.0201461	0.00157632	0.235294
1	52	-1.99654	0.999135	0.0290533	0.00181583	0.307692
1	53	-1.99774	0.999434	0.0160627	0.00100392	0.320755
1	54	-1.99852	0.99963	0.0109739	0.000685871	0.222222
1	55	-1.99855	0.999636	0.0107901	0.00067438	0.309091
1	56	-1.99714	0.999286	0.0253061	0.00158163	0.25
1	57	-1.9986	0.999649	0.0104401	0.000652508	0.140351
1	58	-1.99828	0.999569	0.012604	0.000787753	0.206897
1	59	-1.99797	0.999492	0.0146165	0.000913531	0.305085
1	60	-1.99767	0.999417	0.0164889	0.00103056	0.3
1	61	-1.99541	0.998852	0.0387853	0.00242408	0.295082
1	62	-1.99774	0.999355	0.0198959	0.00176899	0.258065
1	63	-1.99714	0.999286	0.0195918	0.00122449	0.285714
1	64	-1.99625	0.998984	0.035625	0.00286865	0.40625
1	65	-1.99815	0.999538	0.018329	0.00114556	0.184615
1	66	-1.99273	0.998182	0.0564187	0.00352617	0.424242
1	67	-1.99881	0.999701	0.00898196	0.000561372	0.149254
1	68	-1.99853	0.999632	0.0108997	0.000681228	0.205882
1	69	-1.99681	0.999203	0.0260786	0.00162991	0.318841
1	70	-1.998	0.9995	0.0144	0.0009	0.342857
1	71	-1.99746	0.999366	0.0177108	0.00110692	0.309859
1	72	-1.99472	0.998681	0.0355247	0.00222029	0.402778
1	73	-1.99685	0.999178	0.0228786	0.00164759	0.328767
1	74	-1.99757	0.999392	0.0214171	0.00133857	0.297297
1	75	-1.9964	0.999067	0.0294827	0.00205156	0.373333
1	76	-1.99684	0.999211	0.0254848	0.0015928	0.368421
1	77	-1.9974	0.999351	0.0180806	0.00113004	0.272727
1	78	-1.99641	0.999103	0.0358711	0.00224195	0.448718
1	79	-1.99873	0.999684	0.00948566	0.000592854	0.253165
1	80	-1.998	0.9995	0.0144	0.0009	0.375
1	81	-1.99827	0.999568	0.0126322	0.000789514	0.17284
1	82	-1.99805	0.999512	0.0140869	0.000880428	0.219512
1	83	-1.99855	0.999639	0.0107301	0.000670634	0.216867
1	84	-1.99714	0.999286	0.0272109	0.00170068	0.166667
1	85	-1.99929	0.999824	0.00544775	0.000340484	0.235294
1	86	-1.99593	0.998953	0.0310492	0.00212006	0.348837
1	87	-1.99655	0.999138	0.02283	0.00142687	0.183908
1	88	-1.99932	0.99983	0.0052686	0.000329287	0.159091
1	89	-1.99798	0.999494	0.0145436	0.000908976	0.224719
1	90	-1.99711	0.999278	0.0197728	0.0012358	0.277778
1	91	-1.99659	0.999121	0.0309624	0.00210844	0.197802
1	92	-1.99848	0.99962	0.0112476	0.000702977	0.206522
1	93	-1.99892	0.999731	0.0115805	0.000723783	0.215054
1	94	-1.9966	0.999149	0.0225985	0.0014124	0.308511
1	95	-1.99516	0.998789	0.0360953	0.00225596	0.442105
1	96	-1.99771	0.999427	0.019566	0.00122287	0.270833
1	97	-1.99691	0.999227	0.0209161	0.00130726	0.278351
1	98	-1.99735	0.999337	0.018409	0.00115056	0.265306
1	99	-1.99737	0.999343	0.0247158	0.00154474	0.20202
1	100	-1.996	0.999	0.032	0.002	0.24
1	101	-1.99564	0.998911	0.036765	0.00229781	0.336634
1	102	-1.99696	0.999216	0.0217955	0.00151865	0.343137
1	103	-1.99942	0.999854	0.00452446	0.000282779	0.135922
1	104	-1.99865	0.999663	0.0100444	0.000627774	0.230769
1	105	-1.99638	0.999095	0.0298086	0.00186304	0.438095
1	106	-1.99528	0.998821	0.0348736	0.0021796	0.358491
1	107	-1.99692	0.999159	0.0249803	0.00214691	0.280374
1	108	-1.9987	0.999676	0.00969822	0.000606139	0.166667
1	109	-1.99459	0.998624	0.0385557	0.00254524	0.376147
1	110	-1.99836	0.999591	0.0120198	0.00075124	0.218182
1	111	-1.99703	0.999234	0.0242123	0.00165733	0.342342
1	112	-1.99562	0.998884	0.0341295	0.00226961	0.446429
1	113	-1.99805	0.999513	0.0253865	0.00158666	0.141593
1	114	-1.99877	0.999693	0.0092213	0.000576331	0.140351
1	115	-1.99722	0.999304	0.0219463	0.00137164	0.33913
1	116	-1.99776	0.99944	0.0159215	0.000995095	0.362069
1	117	-1.99615	0.999017	0.0313478	0.00209219	0.307692
1	118	-1.9961	0.999025	0.0251077	0.00156923	0.305085
1	119	-1.99647	0.999076	0.0319921	0.00234729	0.277311
1	120	-1.99833	0.999583	0.0122222	0.000763889	0.233333
1	121	-1.99463	0.998636	0.0509364	0.00347107	0.421488
1	122	-1.99779	0.999426	0.0167294	0.00117979	0.245902
1	123	-1.99715	0.999268	0.020501	0.00141186	0.357724
1	124	-1.99774	0.999435	0.016025	0.00100156	0.241935
1	125	-1.99712	0.99928	0.0222822	0.00139264	0.256
1	126	-1.99651	0.999127	0.0332174	0.00207609	0.388889
1	127	-1.99843	0.999606	0.0116064	0.000725401	0.204724
1	128	-1.99648	0.999102	0.0316187	0.002099	0.351562
1	129	-1.9986	0.999651	0.010384	0.000648999	0.170543
1	130	-1.99723	0.999308	0.0190864	0.0011929	0.338462
1	131	-1.9955	0.998817	0.0379931	0.00272245	0.458015
1	132	-1.99636	0.999053	0.0353168	0.00259584	0.386364
1	133	-1.99654	0.999135	0.0276963	0.00173102	0.255639
1	134	-1.99754	0.999328	0.0259323	0.00205836	0.283582
1	135	-1.99837	0.999593	0.0119748	0.000748422	0.22963
1	136	-1.99721	0.999301	0.023936	0.001496	0.323529
1	137	-1.99766	0.999416	0.0165038	0.00103149	0.262774
1	138	-1.99659	0.999094	0.025795	0.00206312	0.391304
1	139	-1.99727	0.999281	0.0229098	0.00166347	0.244604
1	140	-1.99843	0.999607	0.0115837	0.00072398	0.128571
1	141	-1.99759	0.999397	0.0192344	0.00120215	0.297872
1	142	-1.99859	0.999648	0.0104741	0.000654632	0.140845
1	143	-1.99874	0.999685	0.0116739	0.00072962	0.20979
1	144	-1.99722	0.999306	0.0235802	0.00147377	0.291667
1	145	-1.99807	0.999517	0.0139567	0.000872295	0.289655
1	146	-1.99534	0.998836	0.0417339	0.00260837	0.410959
1	147	-1.99701	0.999252	0.0225388	0.00140867	0.204082
1	148	-1.99838	0.999595	0.0119211	0.000745069	0.27027
1	149	-1.99711	0.999195	0.0237827	0.00202243	0.268456
1	150	-1.9984	0.9996	0.0160427	0.00100267	0.24
1	151	-1.99781	0.999437	0.0163677	0.00113153	0.231788
1	152	-1.99645	0.999112	0.0275831	0.00172394	0.315789
1	153	-1.99549	0.998856	0.0360477	0.00241787	0.352941
1	154	-1.99578	0.998929	0.0346922	0.00233302	0.38961
1	155	-1.99697	0.999226	0.0213544	0.00143767	0.322581
1	156	-1.99782	0.999455	0.0155358	0.000970989	0.205128
1	157	-1.99822	0.999554	0.0129953	0.000812203	0.203822
1	158	-1.99665	0.999146	0.0342333	0.00230292	0.291139
1	159	-1.9956	0.998868	0.0400459	0.0027578	0.377358
1	160	-1.99687	0.999219	0.0290938	0.00181836	0.21875
1	161	-1.99739	0.999348	0.0221226	0.00138266	0.236025
1	162	-1.99802	0.999506	0.016217	0.00101357	0.259259
1	163	-1.9965	0.99911	0.0306914	0.0020761	0.355828
1	164	-1.99652	0.999116	0.0276071	0.00182146	0.268293
1	165	-1.99533	0.998818	0.0409859	0.00265344	0.290909
1	166	-1.99759	0.999398	0.0188823	0.00118014	0.228916
1	167	-1.99749	0.999371	0.0175897	0.00109936	0.227545
1	168	-1.99673	0.999167	0.0264272	0.00174603	0.309524
1	169	-1.9958	0.998935	0.03294	0.00214978	0.378698
1	170	-1.99682	0.999176	0.0246699	0.00172872	0.270588
1	171	-1.99795	0.999474	0.0172716	0.00117575	0.25731
1	172	-1.99767	0.999419	0.0183018	0.00114386	0.302326
1	173	-1.99792	0.99948	0.0186147	0.00116342	0.300578
1	174	-1.99569	0.998908	0.0350971	0.00228168	0.298851
1	175	-1.99726	0.999286	0.020305	0.00145306	0.297143
1	176	-1.99739	0.999318	0.0249948	0.00174587	0.227273
1	177	-1.99814	0.99952	0.0160107	0.00109419	0.271186
1	178	-1.99646	0.999073	0.0316185	0.00229674	0.38764
1	179	-1.99693	0.99919	0.0228158	0.00169283	0.357542
1	180	-1.99578	0.998944	0.0390914	0.00244321	0.355556
1	181	-1.99702	0.999254	0.023843	0.00149019	0.254144
1	182	-1.99577	0.998901	0.0392139	0.00270378	0.373626
1	183	-1.99661	0.999153	0.0242611	0.00151632	0.218579
1	184	-1.99728	0.999293	0.0200898	0.00143077	0.358696
1	185	-1.996	0.998973	0.0268973	0.00184836	0.286486
1	186	-1.99667	0.999167	0.0239427	0.00149642	0.354839
1	187	-1.9985	0.999626	0.0110818	0.000692613	0.278075
1	188	-1.99739	0.999335	0.0221763	0.0014721	0.319149
1	189	-1.99603	0.998995	0.0328546	0.00213544	0.328042
1	190	-1.99747	0.999368	0.0193418	0.00120886	0.242105
1	191	-1.99492	0.998691	0.0388981	0.0026655	0.387435
1	192	-1.99734	0.999323	0.0207194	0.00137912	0.25
1	193	-1.99751	0.999378	0.0190802	0.00119252	0.26943
1	194	-1.99582	0.998943	0.028697	0.00187294	0.42268
1	195	-1.99605	0.998974	0.032122	0.00224589	0.4
1	196	-1.99786	0.999464	0.0153061	0.000956633	0.316327
1	197	-1.9969	0.999188	0.0243882	0.0017666	0.324873
1	198	-1.99737	0.999343	0.0182512	0.0011407	0.262626
1	199	-1.99804	0.999497	0.0163531	0.00110502	0.246231
1	200	-1.9982	0.99955	0.016304	0.001019	0.19
